0 0.111698 0.085541 0.034931 0.034216
0 0.339561 0.084437 0.038993 0.030905
0 0.559301 0.085265 0.036556 0.029249
0 0.718522 0.083333 0.041430 0.029801
0 0.861901 0.084989 0.032494 0.030905
1 0.109261 0.156733 0.036556 0.030905
1 0.345248 0.154801 0.035743 0.027042
1 0.549147 0.156181 0.037368 0.030905
1 0.719334 0.155905 0.038180 0.032561
1 0.861901 0.154801 0.035743 0.025938
2 0.108855 0.237583 0.038993 0.052428
2 0.349310 0.240894 0.035743 0.051325
2 0.543867 0.237859 0.043054 0.056291
2 0.708773 0.237307 0.046304 0.049669
2 0.857433 0.239238 0.036556 0.052428
3 0.110885 0.308775 0.044679 0.054636
3 0.356621 0.305740 0.053615 0.056291
3 0.541836 0.305464 0.043867 0.053532
3 0.710398 0.303532 0.044679 0.052980
3 0.854590 0.306567 0.045491 0.053532
4 0.110073 0.365066 0.036556 0.028146
4 0.356621 0.365894 0.043867 0.033113
4 0.536962 0.365066 0.030869 0.038079
4 0.706336 0.363687 0.034931 0.032009
4 0.853777 0.366170 0.040617 0.030353
5 0.100731 0.436534 0.029245 0.032009
5 0.357433 0.435430 0.029245 0.032009
5 0.539399 0.434051 0.030869 0.030353
5 0.717303 0.435982 0.034119 0.026490
5 0.849716 0.436810 0.029245 0.031457
6 0.093014 0.491998 0.033306 0.048013
6 0.343623 0.489514 0.042242 0.051876
6 0.535743 0.489238 0.033306 0.051325
6 0.718115 0.491722 0.035743 0.052980
6 0.844435 0.490894 0.033306 0.052428
7 0.095045 0.571468 0.043867 0.038079
7 0.346872 0.569536 0.040617 0.030905
7 0.539805 0.569260 0.041430 0.029249
7 0.711210 0.571744 0.036556 0.033113
7 0.862307 0.571192 0.052803 0.032009
8 0.086515 0.638797 0.043054 0.030353
8 0.333875 0.637417 0.045491 0.029801
8 0.527620 0.639625 0.051178 0.028698
8 0.708367 0.637417 0.051990 0.030905
8 0.846466 0.637417 0.060114 0.030905
9 0.089358 0.705298 0.048741 0.036424
9 0.322502 0.706402 0.051990 0.035320
9 0.515435 0.706402 0.047929 0.032009
9 0.706336 0.705850 0.056052 0.033113
9 0.853777 0.705298 0.040617 0.028698
10 0.091389 0.774283 0.044679 0.036424
10 0.318034 0.775386 0.047929 0.034216
10 0.524370 0.776214 0.043054 0.033664
10 0.703087 0.773179 0.046304 0.032009
10 0.854590 0.773179 0.045491 0.034216
11 0.093826 0.854581 0.064175 0.060155
11 0.305849 0.851821 0.052803 0.054636
11 0.489033 0.852649 0.047116 0.052980
11 0.678310 0.853201 0.053615 0.055188
11 0.844842 0.850993 0.056864 0.049669
12 0.096669 0.910872 0.047116 0.038079
12 0.307067 0.910872 0.048741 0.033664
12 0.483347 0.910044 0.047116 0.035320
12 0.677498 0.908940 0.053615 0.034216
12 0.851340 0.909492 0.064988 0.040839
