0 0.166376 0.072447 0.045296 0.029663
0 0.368902 0.074444 0.039199 0.025670
0 0.565331 0.075870 0.038328 0.026241
0 0.686847 0.075585 0.044425 0.026811
0 0.888066 0.075299 0.042683 0.027382
1 0.150697 0.134626 0.052265 0.055904
1 0.365418 0.137764 0.039199 0.051911
1 0.559669 0.138049 0.040941 0.051341
1 0.684669 0.136338 0.047038 0.059327
1 0.880226 0.134626 0.035714 0.049059
2 0.152439 0.221620 0.027875 0.031375
2 0.358885 0.221050 0.033101 0.031375
2 0.548780 0.220764 0.036585 0.031945
2 0.690331 0.220764 0.033972 0.031945
2 0.881098 0.221620 0.030488 0.029093
3 0.148955 0.281517 0.036585 0.048488
3 0.351916 0.284370 0.033101 0.045066
3 0.540941 0.283229 0.031359 0.045066
3 0.688589 0.281803 0.037456 0.044495
3 0.859756 0.283229 0.047038 0.043925
4 0.140244 0.364233 0.034843 0.031375
4 0.356272 0.363092 0.031359 0.030234
4 0.533537 0.365088 0.033972 0.030804
4 0.681185 0.365944 0.034843 0.032516
4 0.849739 0.365944 0.042683 0.031375
5 0.138502 0.421563 0.041812 0.052481
5 0.357143 0.421848 0.036585 0.049629
5 0.530923 0.421848 0.042683 0.051911
5 0.668990 0.421848 0.043554 0.047347
5 0.837979 0.422989 0.038328 0.050770
6 0.118902 0.517969 0.039199 0.059327
6 0.367596 0.516258 0.034843 0.052481
6 0.550958 0.519110 0.032230 0.053622
6 0.680314 0.519681 0.036585 0.054763
6 0.855836 0.519110 0.032230 0.051341
7 0.172909 0.565887 0.046167 0.054763
7 0.388937 0.567028 0.040941 0.052481
7 0.579704 0.569595 0.035714 0.051911
7 0.715157 0.567598 0.041812 0.051341
7 0.887631 0.567598 0.031359 0.054763
8 0.128920 0.641187 0.024390 0.041072
8 0.357143 0.642042 0.019164 0.040502
8 0.542683 0.638905 0.020906 0.037650
8 0.705139 0.640901 0.023519 0.038220
8 0.868467 0.639190 0.020906 0.041643
9 0.116289 0.721620 0.053136 0.066172
9 0.352352 0.723902 0.037456 0.062750
9 0.520906 0.722191 0.038328 0.066172
9 0.710801 0.721335 0.041812 0.067884
9 0.858014 0.722191 0.038328 0.060468
10 0.108885 0.781232 0.054007 0.055334
10 0.375871 0.781803 0.032230 0.049629
10 0.541812 0.780091 0.033101 0.055334
10 0.721690 0.781232 0.044425 0.053052
10 0.867596 0.780662 0.041812 0.058756
11 0.105401 0.851398 0.055749 0.064461
11 0.368031 0.851683 0.040941 0.052481
11 0.546167 0.849686 0.031359 0.055334
11 0.721690 0.852253 0.040941 0.060468
11 0.872822 0.849401 0.036585 0.054763
12 0.087979 0.934398 0.062718 0.034227
12 0.381969 0.934969 0.058362 0.029663
12 0.557491 0.932972 0.069686 0.031375
12 0.726045 0.936680 0.058362 0.031945
12 0.885889 0.934398 0.069686 0.030804
