12 0.153523 0.111748 0.021812 0.024130
12 0.283557 0.110166 0.021253 0.020965
12 0.410794 0.108979 0.022931 0.018592
12 0.538591 0.109573 0.024609 0.019778
12 0.693792 0.111353 0.029642 0.023339
13 0.152125 0.167524 0.027964 0.033623
13 0.286074 0.165941 0.029642 0.032832
13 0.409955 0.165941 0.027964 0.032832
13 0.541107 0.168117 0.029642 0.030063
13 0.698826 0.169897 0.032998 0.035997
14 0.163311 0.219343 0.038031 0.032832
14 0.290268 0.214201 0.034676 0.038370
14 0.409955 0.216574 0.034676 0.028877
14 0.542785 0.217761 0.029642 0.031250
14 0.701342 0.219937 0.038031 0.034019
15 0.158557 0.265427 0.037472 0.019778
15 0.297539 0.261867 0.042506 0.031646
15 0.411074 0.260680 0.039150 0.031646
15 0.536913 0.262460 0.027964 0.023339
15 0.703859 0.262460 0.029642 0.023339
16 0.152964 0.313687 0.026286 0.025316
16 0.297539 0.312896 0.020134 0.022152
16 0.410794 0.314280 0.022931 0.026503
16 0.538591 0.311313 0.024609 0.027690
16 0.697987 0.315269 0.024609 0.022152
17 0.148770 0.413568 0.031320 0.023339
17 0.298098 0.416535 0.031320 0.022152
17 0.412472 0.415348 0.029642 0.019778
17 0.528523 0.418315 0.027964 0.023339
17 0.688758 0.416535 0.026286 0.019778
18 0.148490 0.471717 0.040828 0.023339
18 0.305649 0.468948 0.039709 0.024130
18 0.412472 0.463805 0.029642 0.020965
18 0.530201 0.466574 0.027964 0.026503
18 0.684004 0.465585 0.039150 0.019778
19 0.154362 0.518987 0.049217 0.024525
19 0.301734 0.521954 0.044183 0.023339
19 0.412472 0.517801 0.039709 0.034019
19 0.526286 0.520767 0.049217 0.023339
19 0.671700 0.517801 0.034676 0.034019
20 0.147931 0.573576 0.029642 0.029272
20 0.303132 0.570609 0.038031 0.018592
20 0.402964 0.570609 0.032998 0.018592
20 0.522651 0.570016 0.029642 0.017405
20 0.672539 0.568434 0.036353 0.020570
21 0.148770 0.633703 0.034676 0.039557
21 0.300615 0.631329 0.022931 0.039557
21 0.408557 0.634296 0.037472 0.040744
21 0.508949 0.630736 0.041387 0.038370
21 0.660794 0.628362 0.022931 0.033623
22 0.150447 0.681962 0.031320 0.029272
22 0.307327 0.678402 0.039709 0.034019
22 0.405201 0.680775 0.044183 0.031646
22 0.516219 0.676028 0.049217 0.031646
22 0.669183 0.676622 0.043065 0.025712
