0 0.152685 0.127571 0.020134 0.025712
0 0.281040 0.127571 0.029642 0.023339
0 0.405481 0.124604 0.027964 0.017405
0 0.531879 0.124011 0.031320 0.025712
0 0.689038 0.126384 0.035794 0.025712
1 0.152685 0.172271 0.035794 0.035997
1 0.281040 0.171084 0.029642 0.033623
1 0.404642 0.170491 0.026286 0.032437
1 0.530201 0.171677 0.027964 0.034810
1 0.682327 0.168710 0.035794 0.035997
2 0.158277 0.228837 0.027964 0.025712
2 0.286074 0.229233 0.022931 0.026503
2 0.402125 0.228837 0.024609 0.023339
2 0.531040 0.228244 0.019575 0.022152
2 0.683445 0.227057 0.027964 0.024525
3 0.154362 0.275316 0.035794 0.037184
3 0.281879 0.277097 0.024609 0.031250
3 0.402125 0.275910 0.027964 0.033623
3 0.526846 0.276503 0.031320 0.030063
3 0.686521 0.276503 0.044183 0.034810
4 0.158557 0.338014 0.018456 0.023339
4 0.283557 0.336828 0.014541 0.023339
4 0.400447 0.335047 0.024609 0.026899
4 0.529362 0.332674 0.012864 0.019778
4 0.686242 0.333267 0.027964 0.020965
5 0.155201 0.385680 0.015101 0.032437
5 0.285235 0.385285 0.021253 0.029272
5 0.402964 0.384098 0.026286 0.026899
5 0.535235 0.382318 0.024609 0.030459
5 0.687919 0.382911 0.024609 0.031646
6 0.159116 0.454509 0.029642 0.034810
6 0.284396 0.452729 0.026286 0.033623
6 0.402125 0.449169 0.021253 0.035997
6 0.531040 0.447983 0.019575 0.028877
6 0.688199 0.450356 0.034116 0.033623
7 0.151286 0.493473 0.032998 0.035997
7 0.293345 0.491693 0.025168 0.032437
7 0.406040 0.491693 0.032438 0.032437
7 0.531879 0.490506 0.027964 0.034810
7 0.686242 0.490506 0.027964 0.027690
8 0.152964 0.659217 0.026286 0.035206
8 0.293345 0.658623 0.025168 0.034019
8 0.405201 0.658030 0.021812 0.041535
8 0.535235 0.657041 0.024609 0.039557
8 0.686521 0.656843 0.025168 0.037579
9 0.150447 0.714399 0.024609 0.031646
9 0.292506 0.711036 0.020134 0.038370
9 0.406040 0.712816 0.023490 0.039557
9 0.536913 0.713410 0.024609 0.035997
9 0.687919 0.708663 0.024609 0.040744
10 0.151846 0.776108 0.044183 0.024525
10 0.297539 0.778481 0.039150 0.026899
10 0.408557 0.777888 0.054251 0.023339
10 0.535794 0.779074 0.049217 0.032832
10 0.691555 0.776701 0.050895 0.023339
11 0.153523 0.833070 0.034116 0.019778
11 0.295022 0.835443 0.030761 0.019778
11 0.408277 0.831883 0.027964 0.026899
11 0.522931 0.833663 0.042506 0.023339
11 0.680089 0.833070 0.017897 0.026899
