0 0.102656 0.087596 0.043922 0.030834
0 0.321757 0.088297 0.049030 0.032235
0 0.534219 0.084793 0.044944 0.029432
0 0.715526 0.087596 0.039837 0.032235
0 0.900919 0.086545 0.036772 0.030133
1 0.100613 0.158024 0.033708 0.031535
1 0.321757 0.155571 0.028601 0.026629
1 0.537794 0.154520 0.033708 0.028732
1 0.710930 0.156272 0.032686 0.033637
1 0.897855 0.155221 0.030644 0.030133
2 0.095506 0.236861 0.035751 0.054660
2 0.315117 0.235109 0.035751 0.051156
2 0.527068 0.235809 0.030644 0.045550
2 0.705312 0.236510 0.033708 0.051156
2 0.890194 0.235459 0.033708 0.053259
3 0.099591 0.302733 0.039837 0.051857
3 0.318693 0.306237 0.036772 0.051857
3 0.526047 0.301682 0.046987 0.049755
3 0.701226 0.303083 0.045965 0.048353
3 0.889173 0.303083 0.045965 0.048353
4 0.098059 0.360196 0.036772 0.026629
4 0.306946 0.359145 0.027579 0.024527
4 0.513279 0.359145 0.031665 0.031535
4 0.702247 0.359145 0.031665 0.028732
4 0.882533 0.361948 0.036772 0.030133
5 0.099081 0.425368 0.036772 0.032235
5 0.304903 0.428521 0.037794 0.032936
5 0.514811 0.429222 0.026558 0.032936
5 0.694586 0.433427 0.028601 0.032936
5 0.882022 0.432726 0.031665 0.031535
6 0.099081 0.485985 0.034729 0.044149
6 0.306946 0.488087 0.033708 0.042747
6 0.509704 0.489488 0.030644 0.045550
6 0.694586 0.489138 0.046987 0.050456
6 0.879469 0.488788 0.038815 0.042747
7 0.102145 0.566573 0.036772 0.032936
7 0.305924 0.565872 0.037794 0.030133
7 0.510215 0.566924 0.050051 0.033637
7 0.690501 0.567274 0.040858 0.028732
7 0.878447 0.566223 0.038815 0.030834
8 0.102145 0.633497 0.036772 0.028031
8 0.305924 0.634548 0.035751 0.027330
8 0.504597 0.635599 0.036772 0.030834
8 0.684372 0.635599 0.040858 0.033637
8 0.870787 0.634898 0.039837 0.030834
9 0.099591 0.701472 0.052094 0.036440
9 0.301839 0.703574 0.052094 0.032235
9 0.500000 0.703224 0.048008 0.031535
9 0.671093 0.703924 0.040858 0.030133
9 0.861083 0.706377 0.046987 0.029432
10 0.098059 0.773651 0.030644 0.033637
10 0.299285 0.773651 0.036772 0.028031
10 0.497446 0.774352 0.040858 0.033637
10 0.664964 0.776104 0.034729 0.032936
10 0.862104 0.775053 0.038815 0.032235
11 0.096016 0.851787 0.046987 0.055361
11 0.296221 0.851086 0.034729 0.059566
11 0.493871 0.853539 0.035751 0.051857
11 0.660878 0.855291 0.042901 0.052558
11 0.867211 0.855992 0.038815 0.049755
12 0.104188 0.911352 0.051073 0.031535
12 0.298774 0.911703 0.045965 0.026629
12 0.490296 0.913455 0.040858 0.028732
12 0.664454 0.912404 0.048008 0.032235
12 0.870276 0.911703 0.036772 0.030834
