0 0.114748 0.076415 0.035252 0.029085
0 0.334532 0.072184 0.043165 0.037546
0 0.551799 0.069276 0.033094 0.027499
0 0.738849 0.068747 0.024460 0.023268
0 0.900360 0.067689 0.039568 0.032787
1 0.114748 0.136171 0.048201 0.048123
1 0.335971 0.130354 0.040288 0.046007
1 0.552518 0.129297 0.031655 0.046007
1 0.733813 0.128768 0.030216 0.049180
1 0.909353 0.126124 0.041727 0.049180
2 0.114388 0.210206 0.025899 0.026970
2 0.339209 0.209677 0.046763 0.028027
2 0.553957 0.204389 0.028777 0.038604
2 0.738129 0.209677 0.028777 0.028027
2 0.907554 0.210206 0.048201 0.034373
3 0.108993 0.267319 0.052518 0.047065
3 0.348921 0.264939 0.040288 0.053940
3 0.553237 0.268905 0.040288 0.046007
3 0.739568 0.264939 0.044604 0.051824
3 0.907554 0.263882 0.038129 0.044421
4 0.109712 0.344791 0.025180 0.023268
4 0.343165 0.344791 0.047482 0.030672
4 0.545324 0.343205 0.030216 0.031729
4 0.734173 0.343205 0.039568 0.033845
4 0.905036 0.344262 0.027338 0.035960
5 0.107914 0.400053 0.028777 0.049180
5 0.338489 0.399524 0.022302 0.038604
5 0.547842 0.400053 0.032374 0.058699
5 0.732734 0.401111 0.036691 0.047065
5 0.904317 0.400582 0.025899 0.050238
6 0.110072 0.495241 0.028777 0.056584
6 0.337050 0.489424 0.035252 0.049180
6 0.548561 0.487044 0.055396 0.049709
6 0.739568 0.483607 0.041727 0.068218
6 0.902518 0.488366 0.035252 0.058699
7 0.112950 0.563987 0.038849 0.046007
7 0.337410 0.560550 0.056115 0.054997
7 0.551799 0.560550 0.037410 0.050767
7 0.735971 0.562136 0.043165 0.053940
7 0.908993 0.562930 0.048201 0.048123
23 0.107914 0.635114 0.028777 0.049709
23 0.344964 0.631676 0.035252 0.044950
23 0.550360 0.632734 0.027338 0.039662
23 0.739568 0.632998 0.028777 0.042306
23 0.905036 0.636436 0.027338 0.049180
24 0.105036 0.717345 0.025899 0.068218
24 0.343165 0.710206 0.047482 0.065574
24 0.549640 0.710735 0.028777 0.062401
24 0.738129 0.713115 0.038849 0.067160
24 0.914029 0.715494 0.032374 0.074035
8 0.103237 0.790851 0.038129 0.055526
8 0.335252 0.790058 0.047482 0.051824
8 0.547842 0.786885 0.032374 0.053940
8 0.738849 0.785299 0.046043 0.063458
8 0.908993 0.785563 0.064029 0.051296
9 0.097122 0.856690 0.025899 0.052882
9 0.341367 0.853517 0.019424 0.053940
9 0.547122 0.855368 0.017986 0.050238
9 0.738849 0.854310 0.024460 0.043892
9 0.908633 0.854310 0.014388 0.050238
10 0.099281 0.935484 0.043165 0.033845
10 0.340647 0.933633 0.036691 0.030143
10 0.545324 0.934162 0.046043 0.034373
10 0.733813 0.934955 0.043165 0.030672
10 0.901079 0.929667 0.045324 0.031729
