11 0.127025 0.055517 0.032396 0.035615
11 0.348252 0.050628 0.029838 0.031425
11 0.558824 0.052025 0.033248 0.041201
11 0.722933 0.050978 0.025575 0.033520
11 0.896419 0.051327 0.036658 0.046788
12 0.120631 0.127095 0.031543 0.032123
12 0.346547 0.127095 0.019608 0.039106
12 0.552430 0.126397 0.034101 0.029330
12 0.717818 0.126397 0.044331 0.043296
12 0.896419 0.127444 0.023018 0.038408
13 0.118073 0.212640 0.029838 0.062151
13 0.346547 0.210545 0.040068 0.059358
13 0.567775 0.212989 0.042626 0.055866
13 0.719523 0.211592 0.035806 0.068436
13 0.894288 0.210894 0.027280 0.069832
14 0.123188 0.284916 0.048593 0.068436
14 0.347826 0.285615 0.047741 0.055866
14 0.557971 0.287011 0.048593 0.057263
14 0.718670 0.286662 0.037511 0.050978
14 0.891731 0.286662 0.042626 0.053771
15 0.120631 0.344274 0.028133 0.033520
15 0.347826 0.347067 0.034101 0.041899
15 0.556692 0.345670 0.037511 0.034916
15 0.719523 0.347765 0.023870 0.036313
15 0.887894 0.345321 0.036658 0.031425
16 0.114237 0.417598 0.027280 0.033520
16 0.338448 0.418645 0.027280 0.031425
16 0.551577 0.420740 0.032396 0.031425
16 0.713129 0.418645 0.040068 0.041201
16 0.888747 0.422137 0.029838 0.035615
25 0.114237 0.479050 0.023870 0.050279
25 0.341006 0.479749 0.034101 0.058659
25 0.554561 0.479749 0.033248 0.053073
25 0.713129 0.482542 0.019608 0.057263
25 0.884058 0.483939 0.015345 0.050279
17 0.113811 0.564595 0.038363 0.039804
17 0.339727 0.564246 0.038363 0.036313
17 0.547315 0.564595 0.032396 0.039804
17 0.712276 0.567039 0.046888 0.041899
17 0.887042 0.562500 0.026428 0.037011
18 0.111679 0.637919 0.025575 0.037011
18 0.335038 0.633380 0.034101 0.037709
18 0.544331 0.638617 0.038363 0.035615
18 0.705030 0.636872 0.035806 0.032123
18 0.878517 0.638617 0.033248 0.034218
19 0.115516 0.711941 0.043478 0.042598
19 0.337170 0.707751 0.046888 0.046788
19 0.536232 0.707751 0.035806 0.039804
19 0.702472 0.712640 0.044331 0.037011
19 0.878517 0.710196 0.033248 0.037709
20 0.113811 0.784567 0.029838 0.039804
20 0.338448 0.781075 0.027280 0.037011
20 0.540921 0.782821 0.031543 0.036313
20 0.700767 0.784916 0.040921 0.034916
20 0.871270 0.784567 0.035806 0.030028
21 0.105712 0.868366 0.027280 0.050978
21 0.335038 0.864874 0.037511 0.057961
21 0.541773 0.863827 0.041773 0.053073
21 0.705882 0.866620 0.037511 0.057263
21 0.867008 0.866620 0.032396 0.054469
22 0.104859 0.930866 0.030691 0.036313
22 0.341006 0.931913 0.051151 0.041201
22 0.540921 0.926676 0.045183 0.030726
22 0.693095 0.927374 0.063086 0.040503
22 0.857204 0.928422 0.052003 0.038408
