10 0.152810 0.116056 0.028096 0.027051
10 0.286124 0.114965 0.027523 0.027487
10 0.409117 0.114529 0.029243 0.021379
10 0.538704 0.114311 0.028096 0.023560
10 0.695814 0.116274 0.023509 0.022251
11 0.152810 0.176265 0.028096 0.034031
11 0.283830 0.178665 0.026376 0.031850
11 0.410550 0.178010 0.026376 0.033159
11 0.536411 0.175829 0.023509 0.030541
11 0.692087 0.177356 0.025229 0.031850
12 0.157970 0.229930 0.020069 0.030541
12 0.292431 0.227094 0.030963 0.031850
12 0.414564 0.229494 0.030963 0.034031
12 0.541858 0.227531 0.034404 0.037958
12 0.698108 0.230148 0.037271 0.035340
13 0.158830 0.280759 0.021789 0.021379
13 0.291571 0.277705 0.029243 0.034468
13 0.415711 0.276396 0.026376 0.022251
13 0.540998 0.282504 0.016628 0.024869
13 0.698968 0.277705 0.026376 0.029232
19 0.155103 0.331806 0.029243 0.024869
19 0.293865 0.333115 0.015482 0.022251
19 0.409977 0.335079 0.025229 0.023560
19 0.539564 0.334424 0.017202 0.024869
19 0.702122 0.336606 0.020069 0.024869
14 0.149083 0.444590 0.026376 0.026178
14 0.300745 0.445681 0.023509 0.021379
14 0.415424 0.441754 0.036124 0.024869
14 0.533257 0.445899 0.032110 0.023560
14 0.690367 0.444590 0.030963 0.027923
15 0.151376 0.498255 0.030963 0.024433
15 0.307626 0.500000 0.033830 0.020942
15 0.414564 0.495855 0.034404 0.019634
15 0.529530 0.500654 0.037271 0.024869
15 0.688360 0.497600 0.029243 0.030977
16 0.149656 0.555410 0.040138 0.023560
16 0.303039 0.553229 0.040711 0.023560
16 0.412557 0.555410 0.041858 0.019197
16 0.528670 0.552356 0.035550 0.020070
16 0.671158 0.553665 0.038417 0.024433
17 0.146502 0.614311 0.015482 0.013962
17 0.304759 0.610820 0.037271 0.023560
17 0.409977 0.610820 0.034404 0.023560
17 0.524656 0.609511 0.034404 0.023560
17 0.665138 0.607112 0.044725 0.028360
18 0.148222 0.733421 0.024656 0.026178
18 0.301606 0.725785 0.030963 0.029232
18 0.408544 0.723386 0.024656 0.034031
18 0.516915 0.721640 0.040711 0.030541
18 0.671158 0.721640 0.036124 0.030541
