0 0.147931 0.131131 0.032998 0.020965
0 0.292785 0.125791 0.026286 0.017405
0 0.425056 0.126384 0.027964 0.020965
0 0.527685 0.126384 0.039709 0.020965
0 0.618848 0.129945 0.057606 0.013845
1 0.141219 0.174051 0.019575 0.027690
1 0.286074 0.172864 0.022931 0.034810
1 0.414989 0.171677 0.031320 0.039557
1 0.555649 0.172271 0.029642 0.035997
1 0.720078 0.173457 0.032998 0.033623
2 0.139541 0.232199 0.019575 0.025316
2 0.281879 0.231013 0.031320 0.022943
2 0.410794 0.229430 0.019575 0.019778
2 0.541107 0.230024 0.029642 0.023339
2 0.716723 0.232199 0.032998 0.022943
3 0.151286 0.443236 0.026286 0.043117
3 0.267897 0.445016 0.023490 0.037184
3 0.390380 0.442247 0.017897 0.034019
3 0.516219 0.442840 0.023490 0.030459
3 0.702181 0.445016 0.019575 0.041930
4 0.149609 0.530657 0.036353 0.033623
4 0.258949 0.527690 0.031320 0.039557
4 0.377237 0.529470 0.040828 0.040744
4 0.517897 0.527097 0.026846 0.031250
4 0.686521 0.526503 0.037472 0.041930
5 0.150168 0.581883 0.018456 0.031646
5 0.264541 0.583070 0.010067 0.029272
5 0.377237 0.580103 0.008389 0.030459
5 0.517058 0.578916 0.015101 0.028085
5 0.690436 0.577729 0.019575 0.025712
6 0.152685 0.639438 0.016779 0.046282
6 0.268736 0.640427 0.015101 0.041930
6 0.378076 0.637065 0.020134 0.041535
6 0.514541 0.636472 0.013423 0.047468
6 0.676734 0.635878 0.024609 0.051028
7 0.156600 0.686511 0.031320 0.035997
7 0.265380 0.684138 0.034116 0.028877
7 0.371644 0.682555 0.026286 0.025712
7 0.512304 0.684731 0.027964 0.027690
7 0.664150 0.681764 0.022931 0.031250
8 0.149609 0.733188 0.022931 0.038370
8 0.267058 0.732991 0.015101 0.047468
8 0.374720 0.732595 0.016779 0.039557
8 0.512025 0.729628 0.015101 0.047864
8 0.661074 0.728441 0.020134 0.035997
9 0.146253 0.790546 0.036353 0.018592
9 0.256432 0.789359 0.039709 0.023339
9 0.366611 0.789953 0.039709 0.017405
9 0.498322 0.787184 0.049217 0.022943
9 0.645414 0.785008 0.051454 0.020965
