0 0.168760 0.123315 0.017423 0.022365
0 0.291126 0.126838 0.024716 0.017770
0 0.426661 0.124540 0.021880 0.024816
0 0.555105 0.127298 0.035656 0.021140
0 0.713331 0.125613 0.031199 0.024510
1 0.171191 0.172794 0.031199 0.031863
1 0.297204 0.169271 0.034441 0.034007
1 0.419571 0.172794 0.029579 0.034314
1 0.550446 0.172181 0.032820 0.033088
1 0.706240 0.174479 0.038898 0.035233
2 0.167139 0.234681 0.036062 0.018995
2 0.292747 0.235754 0.027958 0.026042
2 0.421191 0.234528 0.032820 0.023591
2 0.550446 0.232384 0.032820 0.021140
2 0.707050 0.235294 0.021880 0.026961
3 0.168760 0.285846 0.029579 0.026961
3 0.288695 0.282322 0.029579 0.027267
3 0.420381 0.284620 0.031199 0.045956
3 0.551256 0.279412 0.031199 0.030637
3 0.708671 0.286458 0.028363 0.042279
4 0.169368 0.349571 0.021880 0.020221
4 0.291734 0.346507 0.017018 0.030637
4 0.417950 0.345435 0.032820 0.018689
4 0.555105 0.345435 0.035656 0.028493
4 0.707861 0.340686 0.020259 0.025735
5 0.167139 0.390778 0.032820 0.038909
5 0.287277 0.393229 0.017018 0.036458
5 0.414100 0.387714 0.034036 0.037684
5 0.556118 0.390778 0.027958 0.043811
5 0.711102 0.389553 0.026742 0.034007
6 0.165721 0.463235 0.023501 0.030637
6 0.292545 0.457874 0.018639 0.038909
6 0.415721 0.460325 0.030794 0.027267
6 0.552877 0.459712 0.024716 0.035233
6 0.706848 0.457414 0.024716 0.035539
7 0.167950 0.505055 0.031199 0.038909
7 0.288695 0.503830 0.026337 0.034007
7 0.412480 0.502604 0.037277 0.038909
7 0.548825 0.503217 0.029579 0.037684
7 0.704822 0.505668 0.032820 0.035233
23 0.166329 0.556985 0.024716 0.031863
23 0.284036 0.556373 0.020259 0.030637
23 0.421191 0.560509 0.029579 0.024816
23 0.549635 0.557598 0.027958 0.028186
23 0.696921 0.557598 0.020259 0.030637
24 0.170178 0.626532 0.020259 0.043505
24 0.286467 0.622396 0.025122 0.040135
24 0.412682 0.618719 0.031199 0.040135
24 0.549028 0.620558 0.020259 0.038909
24 0.696921 0.617647 0.023501 0.044730
8 0.167950 0.674173 0.024716 0.028493
8 0.281807 0.669424 0.027958 0.035539
8 0.411062 0.668352 0.034441 0.026042
8 0.549635 0.666973 0.027958 0.035539
8 0.693071 0.667586 0.031199 0.031863
9 0.163290 0.721967 0.012156 0.022365
9 0.283225 0.720741 0.012156 0.027267
9 0.407820 0.721814 0.031199 0.031863
9 0.549838 0.721201 0.015397 0.033088
9 0.691045 0.717831 0.014182 0.033088
10 0.162480 0.787837 0.023501 0.022365
10 0.276337 0.784314 0.038898 0.020221
10 0.406402 0.787837 0.040519 0.022365
10 0.546596 0.784314 0.055916 0.020221
10 0.690843 0.786152 0.026742 0.025735
