11 0.141721 0.131875 0.036732 0.034583
11 0.274945 0.128125 0.029057 0.025417
11 0.415844 0.129583 0.030154 0.020833
11 0.568805 0.131042 0.029057 0.022083
11 0.684485 0.128333 0.044408 0.032500
12 0.148026 0.183333 0.027412 0.026667
12 0.274123 0.184375 0.018640 0.028750
12 0.417215 0.184375 0.030702 0.028750
12 0.570450 0.184375 0.016996 0.024583
12 0.688048 0.183958 0.023026 0.025417
13 0.144737 0.244583 0.024123 0.035833
13 0.270559 0.246875 0.029057 0.031250
13 0.413651 0.247500 0.037829 0.039167
13 0.566338 0.247500 0.027412 0.032500
13 0.686952 0.247083 0.030702 0.035833
14 0.151042 0.300625 0.033443 0.034583
14 0.274945 0.300833 0.025768 0.030000
14 0.420504 0.301875 0.027412 0.034583
14 0.568257 0.300208 0.033443 0.031250
14 0.693805 0.299583 0.037829 0.035000
15 0.141721 0.347500 0.033443 0.017500
15 0.277412 0.346042 0.039474 0.025417
15 0.415844 0.349375 0.036732 0.032083
15 0.564145 0.348125 0.031798 0.022917
15 0.688322 0.349375 0.045504 0.027917
16 0.147204 0.402708 0.025768 0.025417
16 0.277138 0.405000 0.021382 0.023333
16 0.416667 0.404375 0.016447 0.022083
16 0.562774 0.405000 0.034539 0.030000
16 0.692982 0.404167 0.027412 0.026667
25 0.146382 0.451042 0.027412 0.037083
25 0.284265 0.448958 0.025768 0.037083
25 0.418037 0.451250 0.022478 0.039167
25 0.565789 0.451250 0.038377 0.041667
25 0.694627 0.452500 0.039474 0.032500
17 0.146107 0.512083 0.033443 0.026667
17 0.281798 0.514167 0.033991 0.024167
17 0.415570 0.513542 0.027412 0.025417
17 0.571820 0.514792 0.035088 0.025417
17 0.695998 0.510208 0.030154 0.027917
18 0.147204 0.565625 0.041118 0.025417
18 0.281798 0.563542 0.030702 0.025417
18 0.417489 0.561667 0.036732 0.029167
18 0.569627 0.562292 0.024123 0.022917
18 0.695998 0.566875 0.014803 0.018750
19 0.143914 0.621875 0.044408 0.028750
19 0.281250 0.619583 0.047149 0.026667
19 0.421053 0.618542 0.035088 0.022083
19 0.569627 0.619583 0.036184 0.026667
19 0.699836 0.622500 0.044408 0.025833
20 0.151042 0.675625 0.021382 0.027917
20 0.287829 0.676250 0.024123 0.026667
20 0.419408 0.676875 0.019737 0.027917
20 0.563596 0.674583 0.027412 0.023333
20 0.695450 0.672917 0.029057 0.024167
21 0.146930 0.738333 0.035088 0.032500
21 0.283991 0.738333 0.016447 0.030000
21 0.423246 0.733750 0.027412 0.041667
21 0.564967 0.737708 0.030154 0.037917
21 0.695450 0.735417 0.025768 0.035833
22 0.153783 0.788542 0.030154 0.024583
22 0.285636 0.785000 0.038377 0.026667
22 0.424890 0.787500 0.030702 0.026667
22 0.564145 0.789792 0.035088 0.033750
22 0.698191 0.787917 0.029057 0.032500
