0 0.140162 0.116703 0.035939 0.029176
0 0.358041 0.118527 0.033243 0.031364
0 0.570530 0.125821 0.034142 0.029905
0 0.751572 0.127279 0.049416 0.031364
0 0.950584 0.124726 0.041330 0.035011
1 0.140611 0.171772 0.031447 0.047411
1 0.359389 0.175419 0.030548 0.048869
1 0.568733 0.178337 0.026954 0.047411
1 0.754717 0.175784 0.030548 0.048140
1 0.941150 0.178702 0.026056 0.055434
2 0.142857 0.251276 0.032345 0.031364
2 0.353100 0.252371 0.032345 0.027717
2 0.568733 0.255653 0.034142 0.029905
2 0.752022 0.258570 0.035939 0.024070
2 0.937107 0.260394 0.035939 0.026258
3 0.137916 0.309263 0.029650 0.043764
3 0.351303 0.313640 0.030548 0.043764
3 0.564690 0.316922 0.038634 0.047411
3 0.751123 0.315463 0.037736 0.045952
3 0.920485 0.319475 0.029650 0.042305
4 0.132525 0.385850 0.033243 0.030635
4 0.353100 0.389132 0.030548 0.026988
4 0.561545 0.392050 0.028751 0.029905
4 0.756065 0.391685 0.033243 0.033552
4 0.920934 0.394238 0.028751 0.028446
5 0.135669 0.463530 0.032345 0.060540
5 0.355346 0.466083 0.033243 0.053975
5 0.550314 0.471918 0.029650 0.049599
5 0.757412 0.468271 0.035939 0.046681
5 0.910602 0.472648 0.033243 0.049599
6 0.136568 0.533917 0.034142 0.056893
6 0.350404 0.535376 0.039533 0.051058
6 0.546271 0.536470 0.035939 0.051787
6 0.752920 0.541211 0.030548 0.045222
6 0.902965 0.541940 0.026954 0.046681
7 0.136119 0.600656 0.033243 0.053246
7 0.343217 0.604668 0.032345 0.051058
7 0.543127 0.603939 0.035040 0.052516
7 0.747080 0.608680 0.038634 0.050328
7 0.898473 0.611233 0.037736 0.055434
8 0.127134 0.670678 0.026056 0.040117
8 0.332435 0.672137 0.014376 0.038658
8 0.537736 0.675419 0.026056 0.040846
8 0.739443 0.678337 0.019766 0.033552
8 0.895777 0.676878 0.017969 0.040846
9 0.125337 0.724289 0.024259 0.058352
9 0.328392 0.731583 0.044025 0.062728
9 0.534591 0.733771 0.026954 0.061269
9 0.732255 0.734136 0.025157 0.063457
9 0.894879 0.742524 0.030548 0.061269
10 0.128482 0.783370 0.026954 0.051058
10 0.323001 0.785923 0.033243 0.045952
10 0.536388 0.795770 0.030548 0.052516
10 0.733154 0.791393 0.026954 0.046681
10 0.888589 0.795770 0.026954 0.042305
11 0.130279 0.852662 0.028751 0.051058
11 0.317161 0.851568 0.017969 0.043034
11 0.536837 0.855580 0.026056 0.045222
11 0.725966 0.857403 0.019766 0.051787
11 0.894429 0.862144 0.020665 0.046681
12 0.140162 0.928884 0.046721 0.031364
12 0.319407 0.931802 0.049416 0.034282
12 0.534591 0.933990 0.050314 0.028446
12 0.726864 0.936178 0.055705 0.034282
12 0.889039 0.939096 0.051213 0.038658
