0 0.091064 0.117304 0.029332 0.022293
0 0.275580 0.118100 0.031378 0.023885
0 0.452933 0.119958 0.032742 0.028662
0 0.633356 0.119161 0.033424 0.026008
0 0.818895 0.122081 0.033424 0.029724
1 0.088677 0.171975 0.030014 0.050955
1 0.273874 0.171975 0.026603 0.049894
1 0.452251 0.170648 0.032742 0.044055
1 0.626876 0.169851 0.027285 0.047771
1 0.814461 0.175690 0.030014 0.046709
2 0.088336 0.244958 0.029332 0.026008
2 0.270464 0.245754 0.021146 0.027601
2 0.451569 0.245754 0.028649 0.033970
2 0.621760 0.248938 0.030696 0.027601
2 0.812074 0.251592 0.026603 0.027601
3 0.090382 0.304140 0.034789 0.046709
3 0.265348 0.300425 0.031378 0.049894
3 0.446794 0.302813 0.036835 0.044055
3 0.616303 0.301221 0.029332 0.045117
3 0.804229 0.306529 0.030014 0.040870
4 0.089359 0.377654 0.031378 0.031316
4 0.267394 0.377919 0.030014 0.023355
4 0.439291 0.379512 0.028649 0.026539
4 0.617326 0.378185 0.025921 0.028132
4 0.814461 0.379246 0.031378 0.029193
5 0.089700 0.427813 0.026603 0.052017
5 0.268759 0.428609 0.025921 0.050425
5 0.437926 0.430732 0.025921 0.051486
5 0.614939 0.429140 0.026603 0.045117
5 0.817190 0.433652 0.028649 0.048832
6 0.091746 0.499469 0.032060 0.048832
6 0.266712 0.494958 0.034106 0.047240
6 0.434857 0.498673 0.027967 0.049363
6 0.616985 0.496550 0.032060 0.045117
6 0.816166 0.500265 0.037517 0.046178
7 0.097203 0.563694 0.036153 0.054140
7 0.261937 0.564490 0.031378 0.050425
7 0.434516 0.562633 0.032742 0.049894
7 0.608117 0.563960 0.036153 0.053609
7 0.812074 0.565287 0.034789 0.050955
8 0.096862 0.632431 0.023192 0.048301
8 0.246589 0.633758 0.018417 0.049894
8 0.422237 0.631635 0.020464 0.053079
8 0.598226 0.636943 0.025921 0.047771
8 0.801160 0.635881 0.019782 0.040340
9 0.098909 0.706476 0.035471 0.060510
9 0.241473 0.706210 0.020464 0.059979
9 0.419509 0.702229 0.025921 0.062633
9 0.590382 0.703822 0.027967 0.061571
9 0.803888 0.703025 0.032060 0.058917
10 0.100614 0.764597 0.027967 0.048301
10 0.245566 0.765127 0.027285 0.049363
10 0.421214 0.763800 0.029332 0.049894
10 0.592769 0.766189 0.027285 0.051486
10 0.803888 0.765924 0.029332 0.049894
11 0.101296 0.829352 0.023874 0.052548
11 0.245907 0.832006 0.019782 0.052548
11 0.419168 0.832006 0.022510 0.052548
11 0.591746 0.831210 0.022510 0.047771
11 0.805593 0.829883 0.017735 0.051486
12 0.112210 0.914278 0.051160 0.036624
12 0.236698 0.912951 0.050477 0.033970
12 0.410982 0.911624 0.051160 0.032378
12 0.585948 0.910297 0.050477 0.029724
12 0.793656 0.909766 0.052524 0.029724
