0 0.111727 0.101695 0.035088 0.026836
0 0.310249 0.101342 0.040628 0.034605
0 0.515697 0.100282 0.037858 0.031073
0 0.714220 0.098517 0.041551 0.033192
0 0.893352 0.100282 0.036011 0.026836
1 0.110803 0.154308 0.031394 0.047316
1 0.308864 0.155367 0.034164 0.049435
1 0.514774 0.155720 0.036011 0.060028
1 0.716066 0.151836 0.030471 0.046610
1 0.888273 0.154661 0.031394 0.049435
2 0.100185 0.230932 0.037858 0.031073
2 0.312096 0.229520 0.033241 0.028249
2 0.504155 0.229873 0.025854 0.024718
2 0.705910 0.230932 0.045245 0.025424
2 0.887812 0.230932 0.041551 0.029661
3 0.097415 0.287429 0.047091 0.046610
3 0.306094 0.292726 0.034164 0.051554
3 0.500000 0.284251 0.041551 0.047316
3 0.705448 0.286017 0.038781 0.046610
3 0.877655 0.289548 0.039705 0.048023
4 0.108495 0.361935 0.026777 0.031780
4 0.309326 0.359110 0.033241 0.036017
4 0.505540 0.359110 0.045245 0.031780
4 0.721607 0.358757 0.043398 0.036723
4 0.886427 0.363701 0.035088 0.033898
5 0.110803 0.414548 0.035088 0.050847
5 0.313019 0.412429 0.029548 0.049435
5 0.506002 0.413136 0.036934 0.057910
5 0.715605 0.413136 0.029548 0.053672
5 0.884580 0.412782 0.035088 0.047316
6 0.115420 0.485169 0.046168 0.046610
6 0.300554 0.484110 0.041551 0.054379
6 0.502308 0.481992 0.036934 0.052966
6 0.703139 0.480226 0.037858 0.053672
6 0.883195 0.482698 0.041551 0.051554
7 0.114497 0.548729 0.040628 0.049435
7 0.302401 0.549435 0.041551 0.056497
7 0.499538 0.547316 0.033241 0.055085
7 0.693444 0.549082 0.035088 0.051554
7 0.875346 0.549082 0.046168 0.051554
8 0.109418 0.620410 0.024931 0.043079
8 0.288550 0.619350 0.028624 0.042373
8 0.500462 0.619703 0.027701 0.048729
8 0.692521 0.618997 0.024007 0.045904
8 0.878116 0.620056 0.025854 0.043785
9 0.105725 0.695621 0.032318 0.063559
9 0.279317 0.694209 0.028624 0.057910
9 0.493075 0.694562 0.029548 0.057203
9 0.679594 0.692444 0.035088 0.062853
9 0.862419 0.694562 0.031394 0.060028
10 0.106648 0.749647 0.047091 0.044492
10 0.284857 0.750353 0.026777 0.048729
10 0.497692 0.752119 0.040628 0.045198
10 0.685134 0.752825 0.035088 0.046610
10 0.865189 0.749647 0.033241 0.044492
11 0.104340 0.813206 0.029548 0.052966
11 0.281163 0.814266 0.023084 0.045198
11 0.489381 0.815678 0.036934 0.049435
11 0.684672 0.820268 0.034164 0.052966
11 0.864728 0.819209 0.024931 0.050847
12 0.113112 0.894068 0.050785 0.036723
12 0.279317 0.893715 0.052632 0.038842
12 0.483841 0.894774 0.062789 0.031073
12 0.682825 0.896540 0.061865 0.030367
12 0.855956 0.892655 0.073869 0.033898
