13 0.137263 0.171546 0.035601 0.026932
13 0.303402 0.173595 0.041930 0.028689
13 0.507911 0.177693 0.034810 0.022834
13 0.679984 0.178571 0.032437 0.025761
13 0.817642 0.178864 0.040348 0.031030
14 0.142009 0.227166 0.030854 0.019906
14 0.306566 0.230386 0.037184 0.026347
14 0.511076 0.233314 0.037975 0.022834
14 0.686313 0.230386 0.030854 0.028689
14 0.816851 0.236241 0.030854 0.026347
15 0.140032 0.273419 0.044304 0.040984
15 0.304589 0.270785 0.028481 0.045082
15 0.509889 0.274590 0.027690 0.042155
15 0.683544 0.278981 0.034810 0.040398
15 0.812500 0.278103 0.034810 0.042155
16 0.141218 0.328162 0.037184 0.048595
16 0.299051 0.330796 0.037975 0.048009
16 0.511076 0.335187 0.037975 0.045082
16 0.682753 0.336944 0.034810 0.042740
16 0.811313 0.336944 0.041930 0.045082
17 0.140427 0.389930 0.040348 0.035129
17 0.301424 0.394614 0.028481 0.026932
17 0.502373 0.397541 0.031646 0.029274
17 0.683940 0.399005 0.037184 0.035714
17 0.812104 0.399590 0.034019 0.034543
18 0.141218 0.447892 0.034019 0.033958
18 0.300237 0.448478 0.030854 0.031616
18 0.492089 0.451112 0.023734 0.032201
18 0.675633 0.450234 0.030063 0.030445
18 0.797468 0.451112 0.030063 0.033372
19 0.135680 0.495316 0.029272 0.040984
19 0.303006 0.498829 0.041139 0.048009
19 0.489320 0.494731 0.030854 0.044496
19 0.667326 0.499122 0.029272 0.039227
19 0.785206 0.499415 0.030854 0.043326
20 0.139636 0.557963 0.049842 0.028103
20 0.299051 0.560890 0.028481 0.028103
20 0.481408 0.562354 0.041930 0.028689
20 0.674051 0.561475 0.036392 0.030445
20 0.803797 0.561183 0.039557 0.031030
21 0.140032 0.612998 0.039557 0.028103
21 0.302215 0.615047 0.028481 0.025176
21 0.490111 0.617681 0.034019 0.028103
21 0.679589 0.619145 0.031646 0.029859
21 0.810127 0.617681 0.033228 0.031616
22 0.143196 0.668911 0.042722 0.029859
22 0.298655 0.672717 0.046677 0.031616
22 0.486946 0.669789 0.045095 0.033958
22 0.676028 0.677693 0.043513 0.031030
22 0.806566 0.674473 0.048259 0.035129
23 0.144383 0.727166 0.038766 0.028103
23 0.293117 0.726288 0.048259 0.035714
23 0.486155 0.726581 0.037184 0.026932
23 0.671282 0.731265 0.029272 0.026932
23 0.801820 0.732728 0.034019 0.028689
24 0.151899 0.773419 0.047468 0.050351
24 0.302215 0.771663 0.030063 0.045667
24 0.489320 0.773712 0.032437 0.050937
24 0.676028 0.776932 0.030854 0.051522
24 0.799842 0.779859 0.033228 0.046838
25 0.144778 0.836651 0.056962 0.036300
25 0.304589 0.839578 0.042722 0.036300
25 0.491693 0.841042 0.043513 0.040398
25 0.680775 0.844848 0.041930 0.042155
25 0.797073 0.843677 0.045095 0.035129
