13 0.092593 0.118393 0.042593 0.031008
13 0.303241 0.114870 0.030556 0.025370
13 0.514352 0.112755 0.037963 0.031008
13 0.685648 0.107470 0.036111 0.035941
13 0.854167 0.113108 0.037963 0.030303
14 0.092130 0.181466 0.028704 0.031712
14 0.301389 0.181113 0.028704 0.026779
14 0.512500 0.180056 0.032407 0.026075
14 0.689352 0.176885 0.028704 0.023961
14 0.850463 0.176180 0.032407 0.026779
15 0.091204 0.237844 0.030556 0.048626
15 0.299074 0.232911 0.025926 0.042988
15 0.508333 0.233968 0.027778 0.043693
15 0.686574 0.234672 0.032407 0.045102
15 0.850926 0.233968 0.029630 0.052149
16 0.086574 0.303030 0.039815 0.045102
16 0.294444 0.302678 0.033333 0.045807
16 0.490741 0.303735 0.035185 0.052149
16 0.675926 0.300564 0.037037 0.050035
16 0.849537 0.300211 0.034259 0.049331
17 0.096759 0.378436 0.030556 0.025370
17 0.294907 0.381959 0.028704 0.032417
17 0.486111 0.379493 0.031481 0.031712
17 0.672685 0.379493 0.037963 0.041579
17 0.846296 0.383369 0.029630 0.033827
18 0.093981 0.448203 0.030556 0.029598
18 0.300926 0.449965 0.025926 0.028894
18 0.485648 0.448908 0.030556 0.031008
18 0.661574 0.448555 0.021296 0.030303
18 0.831019 0.446441 0.026852 0.027484
19 0.095833 0.505285 0.032407 0.049331
19 0.299537 0.503876 0.026852 0.042283
19 0.486111 0.504933 0.025926 0.048626
19 0.667593 0.505990 0.029630 0.046512
19 0.836111 0.505638 0.035185 0.047216
20 0.094907 0.582805 0.036111 0.032417
20 0.300463 0.581043 0.032407 0.031712
20 0.487963 0.582805 0.027778 0.036646
20 0.669907 0.583157 0.037963 0.027484
20 0.834259 0.583157 0.038889 0.037350
21 0.096759 0.649401 0.034259 0.041579
21 0.295370 0.649049 0.033333 0.032417
21 0.485185 0.647639 0.037037 0.038055
21 0.664352 0.652572 0.032407 0.035236
21 0.838889 0.650810 0.031481 0.031712
22 0.104167 0.716702 0.049074 0.028189
22 0.298611 0.713178 0.045370 0.045102
22 0.480556 0.714588 0.037037 0.032417
22 0.658796 0.716350 0.062037 0.031712
22 0.839352 0.715292 0.054630 0.031008
23 0.103241 0.781889 0.034259 0.034531
23 0.299074 0.786822 0.040741 0.034531
23 0.477778 0.785060 0.040741 0.031008
23 0.627315 0.786469 0.039815 0.033827
23 0.799537 0.786117 0.037963 0.027484
24 0.106481 0.840028 0.046296 0.046512
24 0.299537 0.838619 0.037963 0.053559
24 0.481944 0.840028 0.041667 0.056378
24 0.621296 0.836152 0.046296 0.050035
24 0.794444 0.838619 0.035185 0.040874
25 0.298148 0.915433 0.066667 0.033827
25 0.099537 0.914729 0.041667 0.035236
25 0.475463 0.920014 0.045370 0.034531
25 0.620833 0.917900 0.041667 0.034531
25 0.793056 0.917548 0.054630 0.038055
