13 0.073491 0.069097 0.041995 0.029861
13 0.293963 0.069792 0.034996 0.031250
13 0.481190 0.072569 0.034996 0.029861
13 0.680227 0.074306 0.030621 0.029167
13 0.899388 0.079514 0.031496 0.025694
14 0.074366 0.142361 0.026247 0.029167
14 0.281277 0.142708 0.028871 0.031250
14 0.481190 0.146528 0.026247 0.025000
14 0.669729 0.148264 0.025372 0.031250
14 0.904637 0.147569 0.041995 0.029861
15 0.070429 0.219444 0.027122 0.037500
15 0.273841 0.225694 0.034996 0.036111
15 0.468941 0.222569 0.034996 0.038194
15 0.662292 0.222222 0.024497 0.033333
15 0.906824 0.225694 0.028871 0.040278
16 0.069554 0.294792 0.028871 0.043750
16 0.277778 0.297917 0.048119 0.041667
16 0.479440 0.298611 0.043745 0.043056
16 0.663167 0.300694 0.040245 0.041667
16 0.910324 0.302431 0.034121 0.045139
17 0.066492 0.358333 0.026247 0.027778
17 0.269466 0.360069 0.026247 0.027083
17 0.475503 0.360764 0.030621 0.025694
17 0.671916 0.360069 0.029746 0.024306
17 0.916885 0.363542 0.031496 0.028472
18 0.066492 0.432292 0.034996 0.029861
18 0.259843 0.434028 0.036745 0.029167
18 0.472003 0.432292 0.028871 0.029861
18 0.672791 0.440625 0.027997 0.025694
18 0.918198 0.438542 0.032371 0.024306
19 0.073928 0.494097 0.032371 0.045139
19 0.256780 0.498264 0.021872 0.036806
19 0.470691 0.500694 0.029746 0.041667
19 0.676728 0.499653 0.030621 0.043750
19 0.924322 0.498958 0.032371 0.047917
20 0.068679 0.580208 0.030621 0.024306
20 0.256343 0.580556 0.026247 0.030556
20 0.466317 0.581250 0.026247 0.029167
20 0.674103 0.581250 0.030621 0.036111
20 0.929571 0.584028 0.030621 0.030556
21 0.061680 0.650000 0.027122 0.023611
21 0.243657 0.650000 0.030621 0.030556
21 0.463255 0.650694 0.020122 0.026389
21 0.664479 0.653472 0.023622 0.027778
21 0.926072 0.655556 0.021872 0.027778
22 0.065179 0.722569 0.037620 0.024306
22 0.241470 0.721181 0.043745 0.027083
22 0.458443 0.721181 0.045494 0.027083
22 0.662292 0.725000 0.045494 0.027778
22 0.920385 0.726736 0.054243 0.024306
23 0.068241 0.794444 0.022747 0.027778
23 0.245407 0.796875 0.034121 0.022917
23 0.467192 0.797222 0.033246 0.027778
23 0.665792 0.799306 0.034996 0.018056
23 0.920385 0.800694 0.036745 0.027778
24 0.066054 0.871875 0.021872 0.038194
24 0.254156 0.876389 0.027122 0.036111
24 0.468941 0.873958 0.026247 0.034028
24 0.673666 0.876389 0.034996 0.036111
24 0.920385 0.878125 0.027997 0.039583
25 0.060805 0.937847 0.023622 0.031250
25 0.256343 0.939931 0.034996 0.035417
25 0.481190 0.940972 0.034996 0.033333
25 0.671916 0.939931 0.029746 0.027083
25 0.927822 0.944444 0.035871 0.029167
