11 0.145914 0.172243 0.020428 0.031985
11 0.295720 0.169118 0.025292 0.025735
11 0.431420 0.165441 0.020428 0.021324
11 0.553988 0.167831 0.020428 0.016544
11 0.678502 0.165441 0.028210 0.021324
12 0.144942 0.227757 0.028210 0.018015
12 0.292558 0.221140 0.034533 0.026103
12 0.430691 0.225919 0.016051 0.014338
12 0.553745 0.227757 0.023833 0.029779
12 0.681663 0.223713 0.034533 0.028309
13 0.150535 0.283640 0.032588 0.029779
13 0.298881 0.281801 0.021887 0.028309
13 0.428988 0.283640 0.025292 0.031985
13 0.552286 0.287132 0.023833 0.025000
13 0.682393 0.287132 0.023346 0.032353
14 0.149076 0.344669 0.052043 0.040074
14 0.301070 0.344669 0.048638 0.035662
14 0.430691 0.342096 0.037451 0.047426
14 0.558609 0.344669 0.039397 0.040074
14 0.682636 0.342279 0.026751 0.042647
15 0.154426 0.395588 0.024805 0.019118
15 0.294990 0.394485 0.026751 0.013971
15 0.428502 0.389706 0.020428 0.025735
15 0.560068 0.394485 0.032588 0.019118
15 0.678502 0.393934 0.022374 0.029779
16 0.149805 0.451287 0.028210 0.028309
16 0.291099 0.446507 0.037451 0.026103
16 0.427529 0.453125 0.025292 0.024632
16 0.559095 0.450184 0.034533 0.028309
16 0.679232 0.451471 0.023833 0.030882
25 0.157588 0.502390 0.028210 0.033456
25 0.293531 0.502390 0.026751 0.026103
25 0.427529 0.503676 0.028210 0.040441
25 0.554475 0.500000 0.040856 0.038235
25 0.676313 0.500551 0.026751 0.029779
17 0.152967 0.565809 0.037451 0.022794
17 0.293531 0.563419 0.026751 0.024632
17 0.430447 0.564706 0.028210 0.025000
17 0.556907 0.562868 0.030156 0.030882
17 0.675340 0.561765 0.021887 0.021324
18 0.151265 0.622794 0.028210 0.022794
18 0.294018 0.618566 0.034533 0.028309
18 0.432150 0.618566 0.031615 0.023897
18 0.554475 0.613971 0.031128 0.021324
18 0.672909 0.618566 0.029669 0.033456
19 0.138862 0.680331 0.044261 0.023897
19 0.284776 0.675000 0.037451 0.027206
19 0.427529 0.675551 0.037938 0.023897
19 0.550097 0.677206 0.028210 0.017647
19 0.665126 0.675000 0.029669 0.027206
20 0.147617 0.731801 0.042315 0.034191
20 0.294018 0.732353 0.031615 0.019118
20 0.433123 0.729412 0.029669 0.017647
20 0.549125 0.731801 0.026265 0.034191
20 0.669261 0.732353 0.025292 0.021324
21 0.148833 0.790441 0.033074 0.040441
21 0.291099 0.794669 0.034533 0.031985
21 0.437743 0.789338 0.035992 0.033088
21 0.550827 0.794669 0.026751 0.041544
21 0.660506 0.788051 0.026265 0.035662
22 0.154426 0.846140 0.044261 0.026103
22 0.302772 0.845588 0.026751 0.025000
22 0.435311 0.839890 0.043774 0.020221
22 0.546693 0.843199 0.031128 0.031985
22 0.663667 0.842647 0.032588 0.021324
