0 0.179860 0.166346 0.020040 0.021154
0 0.270291 0.168654 0.036573 0.025769
0 0.378006 0.166923 0.018537 0.024615
0 0.492735 0.169808 0.028557 0.025769
0 0.615731 0.171538 0.026052 0.022308
1 0.170090 0.217500 0.024549 0.025769
1 0.267285 0.218846 0.015531 0.023077
1 0.373497 0.218269 0.021543 0.021923
1 0.487475 0.216346 0.030060 0.025769
1 0.620240 0.215769 0.035070 0.026923
2 0.173848 0.280000 0.017034 0.022308
2 0.265782 0.277692 0.018537 0.020000
2 0.367485 0.274808 0.021543 0.021154
2 0.489729 0.275962 0.016533 0.014231
2 0.615731 0.275962 0.029058 0.032692
3 0.171593 0.329423 0.036573 0.018846
3 0.263527 0.329423 0.026052 0.023462
3 0.373497 0.328846 0.030561 0.024615
3 0.487224 0.330000 0.033567 0.029231
3 0.612725 0.334038 0.026052 0.028077
4 0.173848 0.387885 0.023046 0.023462
4 0.269539 0.386731 0.026052 0.023462
4 0.365982 0.387308 0.018537 0.022308
4 0.494990 0.390769 0.027054 0.022308
4 0.617234 0.389038 0.035070 0.025769
5 0.170090 0.439615 0.033567 0.033846
5 0.271042 0.437885 0.023046 0.032692
5 0.366733 0.438462 0.020040 0.031538
5 0.491232 0.436154 0.028557 0.026923
5 0.611222 0.436154 0.032064 0.026923
6 0.167836 0.505000 0.026052 0.026923
6 0.276303 0.507885 0.024549 0.025769
6 0.373497 0.505577 0.030561 0.028077
6 0.488727 0.507885 0.036573 0.030385
6 0.617234 0.507885 0.032064 0.030385
7 0.169339 0.549231 0.014028 0.029231
7 0.277806 0.553269 0.024549 0.025769
7 0.371994 0.554423 0.015531 0.025769
7 0.488978 0.552692 0.033066 0.031538
7 0.611222 0.556154 0.035070 0.022308
23 0.167836 0.608654 0.029058 0.031154
23 0.271794 0.606346 0.021543 0.021923
23 0.368988 0.606154 0.036573 0.043077
23 0.483467 0.609231 0.029058 0.027692
23 0.605711 0.606923 0.018036 0.025385
24 0.164078 0.668654 0.024549 0.041923
24 0.280812 0.670962 0.024549 0.037308
24 0.369739 0.666346 0.026052 0.051154
24 0.481212 0.670385 0.027555 0.038462
24 0.605711 0.669231 0.030060 0.038462
8 0.168587 0.720385 0.039579 0.031538
8 0.286323 0.721731 0.028557 0.031154
8 0.368988 0.721154 0.018537 0.027692
8 0.483467 0.719231 0.038076 0.036154
8 0.608968 0.722308 0.036573 0.030000
9 0.164830 0.771923 0.014028 0.033846
9 0.280311 0.771346 0.013527 0.035000
9 0.371242 0.770192 0.017034 0.039615
9 0.480711 0.772500 0.016533 0.035000
9 0.601954 0.773654 0.022545 0.032692
10 0.162575 0.835385 0.036573 0.018462
10 0.281563 0.835962 0.044088 0.028846
10 0.370491 0.834808 0.039579 0.026538
10 0.477455 0.835962 0.032064 0.024231
10 0.598196 0.832885 0.039078 0.025769
