0 0.116764 0.072493 0.034407 0.030372
0 0.329063 0.074785 0.038799 0.032665
0 0.524524 0.075358 0.040264 0.031519
0 0.713397 0.072493 0.030015 0.025788
0 0.896413 0.074785 0.034407 0.028080
1 0.111274 0.132951 0.045388 0.048138
1 0.324671 0.132378 0.035871 0.046991
1 0.526720 0.132951 0.035871 0.048138
1 0.717789 0.136963 0.032943 0.049284
1 0.899341 0.131805 0.040264 0.045845
2 0.105417 0.218911 0.024890 0.030946
2 0.322474 0.218625 0.030015 0.028080
2 0.519766 0.216905 0.032211 0.026934
2 0.718155 0.218338 0.024890 0.026361
2 0.893851 0.215473 0.030747 0.026361
3 0.104685 0.277077 0.030747 0.040688
3 0.326135 0.281089 0.030015 0.040688
3 0.513543 0.277937 0.027086 0.051576
3 0.706442 0.277650 0.030747 0.044126
3 0.882504 0.278223 0.035871 0.051003
4 0.094802 0.361605 0.035871 0.025215
4 0.311127 0.359599 0.032211 0.029226
4 0.506589 0.360745 0.026354 0.025788
4 0.706442 0.362178 0.033675 0.024069
4 0.885066 0.360172 0.030747 0.024642
5 0.097365 0.419484 0.026354 0.053868
5 0.321010 0.418625 0.028551 0.041834
5 0.502196 0.416619 0.024890 0.041261
5 0.704978 0.414900 0.032211 0.044699
5 0.885066 0.416046 0.030747 0.044699
6 0.098463 0.509742 0.028551 0.041834
6 0.306369 0.506590 0.024158 0.038968
6 0.490849 0.504585 0.028551 0.040688
6 0.683382 0.506877 0.030015 0.041834
6 0.881040 0.508883 0.027086 0.043553
7 0.095534 0.559599 0.047584 0.047564
7 0.311493 0.559885 0.044656 0.042407
7 0.493045 0.559599 0.035871 0.041834
7 0.683748 0.559026 0.039531 0.042980
7 0.879941 0.558739 0.040996 0.044699
8 0.099927 0.634670 0.013909 0.029226
8 0.303075 0.637536 0.023426 0.034957
8 0.483895 0.636103 0.027818 0.029799
8 0.680454 0.633811 0.021230 0.033238
8 0.880673 0.633238 0.017570 0.034384
9 0.093338 0.714900 0.028551 0.053295
9 0.290264 0.710315 0.016837 0.054441
9 0.484261 0.714327 0.028551 0.060172
9 0.670937 0.710888 0.027086 0.064756
9 0.882504 0.709456 0.021230 0.066476
10 0.096633 0.770487 0.039531 0.040688
10 0.292094 0.769628 0.033675 0.041261
10 0.481698 0.769054 0.040996 0.043553
10 0.673133 0.767335 0.043192 0.037822
10 0.882870 0.768768 0.040996 0.042980
11 0.084919 0.837536 0.023426 0.046418
11 0.289898 0.836390 0.016105 0.047564
11 0.482796 0.836103 0.019766 0.049284
11 0.669473 0.834097 0.013909 0.047564
11 0.876281 0.829799 0.016105 0.042407
12 0.093338 0.917192 0.044656 0.034957
12 0.275988 0.917765 0.052709 0.030372
12 0.479502 0.914613 0.043924 0.019484
12 0.664348 0.912894 0.046120 0.024069
12 0.881406 0.912894 0.055637 0.026361
