0 0.137955 0.136927 0.035014 0.030428
0 0.249066 0.139369 0.026611 0.021037
0 0.344538 0.137678 0.042017 0.022164
0 0.449580 0.138242 0.033613 0.018783
0 0.539449 0.134673 0.040616 0.021412
1 0.141923 0.190458 0.030812 0.041322
1 0.295051 0.188580 0.033613 0.042074
1 0.423436 0.185763 0.039216 0.050714
1 0.552521 0.186890 0.026611 0.043201
1 0.661998 0.188017 0.028945 0.036439
2 0.139589 0.254884 0.026144 0.022164
2 0.315359 0.256198 0.019141 0.031555
2 0.458217 0.257325 0.021942 0.027047
2 0.591970 0.256762 0.023343 0.028174
2 0.696312 0.253757 0.024743 0.034185
3 0.143324 0.307851 0.028011 0.038693
3 0.316760 0.309542 0.021942 0.044328
3 0.458450 0.310105 0.030812 0.043201
3 0.596872 0.310669 0.021942 0.042074
3 0.706583 0.310669 0.024743 0.039820
4 0.132120 0.374718 0.023343 0.022164
4 0.317460 0.377536 0.023343 0.021037
4 0.458917 0.378287 0.023343 0.031555
4 0.601074 0.375282 0.035014 0.021037
4 0.698413 0.378850 0.017740 0.028174
5 0.143324 0.434072 0.039216 0.051465
5 0.320495 0.428813 0.032213 0.052968
5 0.468487 0.430503 0.021942 0.054095
5 0.596405 0.431067 0.014472 0.043201
5 0.697712 0.429752 0.024743 0.048084
6 0.139589 0.503944 0.020542 0.036439
6 0.324930 0.505635 0.020542 0.037566
6 0.461251 0.506762 0.028011 0.033058
6 0.602241 0.504508 0.023343 0.035312
6 0.699813 0.506762 0.014939 0.033058
7 0.136555 0.552592 0.037815 0.042074
7 0.324930 0.553156 0.031746 0.045455
7 0.469188 0.551277 0.023343 0.044703
7 0.602241 0.553156 0.026144 0.036439
7 0.699813 0.552592 0.026144 0.037566
8 0.130952 0.617205 0.032213 0.033058
8 0.329132 0.616454 0.023343 0.031555
8 0.468487 0.615327 0.024743 0.033809
8 0.585201 0.614763 0.019141 0.032682
8 0.698413 0.611946 0.028945 0.029301
9 0.137255 0.685763 0.033613 0.038693
9 0.327031 0.683509 0.016340 0.043201
9 0.461951 0.681067 0.032213 0.048084
9 0.571429 0.684072 0.017740 0.042074
9 0.685808 0.683321 0.013072 0.048084
10 0.136088 0.735725 0.021942 0.042449
10 0.333800 0.738167 0.023343 0.035312
10 0.479458 0.735725 0.026144 0.042449
10 0.576564 0.729902 0.033613 0.039820
10 0.693277 0.733847 0.028011 0.034185
11 0.132353 0.796769 0.014472 0.039820
11 0.328431 0.796018 0.019141 0.048084
11 0.478058 0.791510 0.014939 0.043576
11 0.599907 0.791510 0.013072 0.045830
11 0.700514 0.787941 0.021942 0.045455
12 0.134454 0.863073 0.042017 0.026672
12 0.332866 0.861758 0.042017 0.029301
12 0.481559 0.859504 0.045285 0.022539
12 0.610177 0.858941 0.036415 0.028174
12 0.724556 0.857814 0.046685 0.028174
