13 0.135286 0.134217 0.050537 0.037414
13 0.253801 0.135489 0.036225 0.032692
13 0.411673 0.133672 0.031753 0.026880
13 0.556127 0.128950 0.057692 0.045768
13 0.684928 0.130222 0.038909 0.029422
14 0.136852 0.196876 0.021467 0.026880
14 0.286225 0.191064 0.028623 0.029059
14 0.472943 0.192699 0.038909 0.037414
14 0.605098 0.195242 0.049195 0.027969
14 0.729651 0.187069 0.038909 0.032692
15 0.125447 0.263712 0.036225 0.043589
15 0.283318 0.263712 0.034436 0.036324
15 0.439177 0.264984 0.037567 0.050490
15 0.586091 0.260080 0.020125 0.045768
15 0.706843 0.261896 0.027281 0.049401
16 0.136181 0.331820 0.034436 0.041046
16 0.292487 0.324555 0.044723 0.041046
16 0.443426 0.322920 0.037120 0.042136
16 0.590564 0.320015 0.048748 0.045768
16 0.718247 0.320015 0.039356 0.038503
17 0.133274 0.382492 0.020572 0.030512
17 0.282648 0.380857 0.030411 0.031602
17 0.439177 0.381947 0.037567 0.041046
17 0.583184 0.375045 0.037567 0.031602
17 0.709526 0.379041 0.036225 0.035234
18 0.131261 0.442426 0.038909 0.034871
18 0.297853 0.443698 0.037567 0.035234
18 0.457737 0.441337 0.046064 0.032692
18 0.609347 0.438249 0.037120 0.038867
18 0.731216 0.435888 0.030411 0.038503
19 0.129025 0.499274 0.034436 0.043226
19 0.293381 0.495096 0.034884 0.044315
19 0.458631 0.492190 0.027281 0.043589
19 0.595707 0.496368 0.033095 0.049037
19 0.717576 0.491645 0.022809 0.060661
20 0.134839 0.569560 0.031753 0.034145
20 0.312165 0.567744 0.028623 0.032692
20 0.504025 0.570105 0.042934 0.037414
20 0.657648 0.557755 0.024597 0.029422
20 0.760063 0.560116 0.053220 0.029059
21 0.133945 0.631675 0.036225 0.022521
21 0.307021 0.622230 0.041592 0.036324
21 0.465116 0.619869 0.040250 0.033781
21 0.622987 0.623320 0.044723 0.036324
21 0.724061 0.621141 0.024150 0.036324
22 0.126789 0.689793 0.038909 0.030512
22 0.310599 0.687250 0.060376 0.030512
22 0.454159 0.684344 0.036225 0.026880
22 0.567531 0.687977 0.046512 0.034145
22 0.699463 0.685616 0.047406 0.041046
23 0.131038 0.750999 0.018784 0.031602
23 0.302773 0.750454 0.042039 0.030512
23 0.441190 0.752270 0.041592 0.034145
23 0.572004 0.748819 0.037567 0.033781
23 0.661896 0.751181 0.018784 0.038503
24 0.127460 0.818017 0.046512 0.036324
24 0.284884 0.819651 0.025939 0.037414
24 0.437612 0.818562 0.029070 0.049037
24 0.572004 0.816927 0.037567 0.036324
24 0.684481 0.813839 0.031753 0.039593
25 0.129025 0.875227 0.034436 0.031602
25 0.321333 0.874137 0.038909 0.029422
25 0.493962 0.867781 0.034436 0.030512
25 0.627236 0.868325 0.036225 0.027243
25 0.732558 0.869960 0.033095 0.030512
