0 0.144161 0.134205 0.045620 0.026141
0 0.294252 0.129418 0.045620 0.028351
0 0.462819 0.133100 0.029653 0.035714
0 0.621122 0.129418 0.060675 0.037923
0 0.755931 0.132548 0.038321 0.036819
1 0.131843 0.180412 0.038321 0.042710
1 0.292199 0.182990 0.032391 0.042710
1 0.466697 0.184094 0.031022 0.038292
1 0.615876 0.179308 0.023723 0.038292
1 0.759352 0.188144 0.027828 0.034610
2 0.136177 0.247607 0.032391 0.039396
2 0.307710 0.247607 0.042427 0.041605
2 0.471031 0.251105 0.039690 0.025037
2 0.618841 0.248343 0.029653 0.035714
2 0.732208 0.248159 0.041058 0.033137
3 0.142792 0.306517 0.045620 0.035714
3 0.300867 0.304676 0.046989 0.043814
3 0.468066 0.306885 0.040146 0.041605
3 0.643932 0.307622 0.049726 0.045287
3 0.775547 0.306333 0.036496 0.042710
4 0.136177 0.369293 0.023266 0.028719
4 0.287865 0.374264 0.035584 0.026141
4 0.452555 0.370029 0.052920 0.034610
4 0.624088 0.364138 0.036496 0.036819
4 0.759352 0.371686 0.048814 0.037923
5 0.143020 0.423417 0.039690 0.048601
5 0.298130 0.423417 0.044252 0.050810
5 0.457801 0.419183 0.039690 0.054860
5 0.617473 0.422680 0.044252 0.052283
5 0.749088 0.418078 0.031022 0.049705
6 0.131843 0.495950 0.041058 0.036819
6 0.284215 0.490427 0.033759 0.042710
6 0.437272 0.494661 0.039690 0.041605
6 0.585766 0.492268 0.036496 0.058174
6 0.692518 0.489875 0.035584 0.046024
7 0.135493 0.544551 0.033759 0.041237
7 0.281022 0.539764 0.033759 0.044183
7 0.432710 0.544551 0.034215 0.036819
7 0.569571 0.542710 0.027828 0.028719
7 0.708714 0.545287 0.041515 0.030928
8 0.138230 0.609720 0.019161 0.036819
8 0.292883 0.608063 0.045620 0.045287
8 0.433394 0.606406 0.026460 0.036819
8 0.591697 0.601620 0.028285 0.036819
8 0.698449 0.601988 0.026460 0.042710
9 0.136861 0.669183 0.031022 0.043814
9 0.281022 0.671024 0.031022 0.045287
9 0.415830 0.664580 0.020529 0.046392
9 0.537181 0.670471 0.022354 0.050810
9 0.651232 0.665685 0.023266 0.053756
10 0.137089 0.720177 0.027828 0.036819
10 0.280566 0.723859 0.014599 0.034610
10 0.417199 0.722754 0.032391 0.039028
10 0.537865 0.721465 0.035584 0.043814
10 0.674042 0.726988 0.034215 0.035714
11 0.136177 0.783689 0.020529 0.047496
11 0.325274 0.782216 0.024635 0.053387
11 0.487911 0.779639 0.023266 0.041605
11 0.618841 0.779639 0.023266 0.043814
11 0.724224 0.780928 0.027828 0.039028
12 0.147126 0.851436 0.039690 0.026141
12 0.329836 0.852172 0.045620 0.041605
12 0.465100 0.852725 0.048814 0.030928
12 0.616104 0.853461 0.044252 0.027246
12 0.728558 0.843336 0.057482 0.037923
