13 0.144320 0.131657 0.033520 0.033892
13 0.289804 0.132775 0.024674 0.033892
13 0.446927 0.132588 0.030726 0.029050
13 0.571229 0.130354 0.028864 0.026816
13 0.714385 0.131471 0.024674 0.031285
14 0.144320 0.192551 0.036313 0.016387
14 0.293296 0.191993 0.020484 0.021974
14 0.446927 0.190317 0.027933 0.032775
14 0.586359 0.190317 0.024674 0.025326
14 0.721136 0.189758 0.028864 0.031657
15 0.135475 0.255493 0.036313 0.035009
15 0.288175 0.251397 0.030726 0.043203
15 0.436685 0.256052 0.030726 0.042831
15 0.570531 0.254935 0.042365 0.038361
15 0.703678 0.252700 0.026536 0.052514
16 0.140596 0.318808 0.028864 0.045438
16 0.284683 0.312477 0.034916 0.041713
16 0.424348 0.311359 0.029330 0.039479
16 0.566806 0.315456 0.032123 0.038734
16 0.695531 0.313780 0.030726 0.042086
17 0.138501 0.371322 0.024674 0.026816
17 0.279562 0.368901 0.021881 0.021974
17 0.408287 0.366667 0.023277 0.026443
17 0.542132 0.365363 0.029330 0.029050
17 0.649907 0.366667 0.023277 0.029423
18 0.140596 0.427188 0.020484 0.026816
18 0.273743 0.426071 0.015829 0.029050
18 0.390130 0.426629 0.025140 0.027933
18 0.510242 0.430540 0.023277 0.029050
18 0.627328 0.427933 0.027467 0.037244
19 0.138501 0.478399 0.030261 0.040596
19 0.274441 0.480261 0.032123 0.044320
19 0.413408 0.479516 0.025140 0.040596
19 0.553771 0.477654 0.034916 0.046555
19 0.671089 0.480819 0.024674 0.045438
20 0.141527 0.551769 0.033520 0.031657
20 0.279562 0.550466 0.047952 0.024581
20 0.420624 0.551769 0.030261 0.031657
20 0.549348 0.550466 0.043762 0.026816
20 0.666667 0.545996 0.033520 0.029050
21 0.136872 0.604097 0.033520 0.031285
21 0.274441 0.609311 0.020019 0.025326
21 0.425745 0.604097 0.026536 0.031285
21 0.556564 0.608194 0.032123 0.030540
21 0.684590 0.606890 0.032123 0.027933
22 0.130354 0.667039 0.028864 0.026816
22 0.258613 0.668156 0.032123 0.029050
22 0.401071 0.671508 0.040503 0.026816
22 0.547952 0.667039 0.049348 0.026816
22 0.695065 0.668156 0.043762 0.024581
23 0.132449 0.731099 0.021881 0.026816
23 0.251862 0.728678 0.030726 0.031657
23 0.417132 0.728492 0.023277 0.026816
23 0.539804 0.725698 0.024674 0.030168
23 0.675978 0.729236 0.040968 0.020857
24 0.133380 0.799628 0.017225 0.031285
24 0.287477 0.794972 0.034916 0.038361
24 0.456238 0.792737 0.026071 0.033892
24 0.591480 0.797952 0.032123 0.044320
24 0.720438 0.798510 0.024674 0.045438
25 0.146415 0.853259 0.055400 0.029050
25 0.310056 0.856052 0.033520 0.030168
25 0.443203 0.854935 0.028864 0.032402
25 0.582169 0.853818 0.027467 0.030168
25 0.709497 0.854190 0.040968 0.019739
