13 0.135891 0.136509 0.026238 0.028298
13 0.251485 0.135911 0.027723 0.024711
13 0.399257 0.131925 0.026238 0.025508
13 0.548515 0.131327 0.030693 0.029095
13 0.687129 0.131128 0.024752 0.019928
14 0.143812 0.194500 0.016337 0.024711
14 0.317822 0.194500 0.025743 0.027102
14 0.479455 0.192308 0.032178 0.036269
14 0.606931 0.192308 0.030693 0.024312
14 0.740594 0.188920 0.021782 0.022320
15 0.125495 0.260861 0.029208 0.037864
15 0.316337 0.263651 0.020792 0.033878
15 0.471287 0.259067 0.030693 0.036668
15 0.595050 0.264249 0.030693 0.047031
15 0.715099 0.257473 0.026238 0.035074
16 0.136634 0.322240 0.030693 0.041052
16 0.260149 0.324033 0.045050 0.042248
16 0.379703 0.322240 0.036634 0.036269
16 0.510149 0.322838 0.029208 0.035074
16 0.650000 0.321244 0.049505 0.043045
17 0.135149 0.374651 0.030693 0.035074
17 0.267574 0.375050 0.027228 0.029494
17 0.398515 0.376246 0.027723 0.031885
17 0.510891 0.374053 0.030693 0.033878
17 0.644554 0.378039 0.027723 0.030690
18 0.137376 0.436030 0.023267 0.029494
18 0.274752 0.433240 0.018812 0.030291
18 0.437376 0.437226 0.020297 0.034277
18 0.565842 0.433639 0.024752 0.027102
18 0.715099 0.433639 0.026238 0.027102
19 0.140347 0.488840 0.032178 0.045835
19 0.293069 0.487644 0.025743 0.036269
19 0.432921 0.488840 0.023267 0.043444
19 0.571782 0.490036 0.018812 0.048226
19 0.687624 0.481068 0.028713 0.042248
20 0.130693 0.556198 0.030693 0.028298
20 0.306931 0.558589 0.036634 0.030690
20 0.435149 0.553208 0.030693 0.019928
20 0.566584 0.552810 0.026238 0.032682
20 0.687624 0.552810 0.031683 0.037465
21 0.140842 0.615385 0.036139 0.027102
21 0.312624 0.612595 0.039109 0.035074
21 0.454703 0.617178 0.035149 0.035472
21 0.576980 0.612993 0.023267 0.022320
21 0.688366 0.611399 0.027228 0.025508
22 0.139356 0.676963 0.039109 0.035472
22 0.335396 0.672977 0.038119 0.029095
22 0.495297 0.675369 0.032178 0.033878
22 0.636634 0.676365 0.034653 0.031885
22 0.746782 0.671184 0.045050 0.030291
23 0.132178 0.735552 0.018812 0.033081
23 0.322772 0.740933 0.027723 0.034277
23 0.486139 0.735751 0.030693 0.037465
23 0.615594 0.736150 0.019307 0.024711
23 0.720792 0.737943 0.034653 0.025907
24 0.133663 0.805899 0.027723 0.049422
24 0.313614 0.803507 0.026238 0.037465
24 0.466337 0.803507 0.023762 0.035074
24 0.633911 0.804703 0.035149 0.039857
24 0.755446 0.802312 0.021782 0.047031
25 0.136634 0.859306 0.021782 0.022320
25 0.332921 0.858111 0.050990 0.034277
25 0.513614 0.861698 0.036139 0.031885
25 0.667327 0.861499 0.052475 0.038661
25 0.787376 0.858111 0.059901 0.036668
