0 0.154490 0.134599 0.033993 0.027963
0 0.318620 0.132930 0.032471 0.022120
0 0.469559 0.128965 0.046169 0.030050
0 0.637240 0.129382 0.029427 0.021703
0 0.764587 0.128756 0.025368 0.022955
1 0.136225 0.181553 0.022831 0.042571
1 0.317352 0.180927 0.029934 0.043823
1 0.476662 0.181135 0.020802 0.041736
1 0.625317 0.176962 0.022831 0.047579
1 0.758498 0.182179 0.024353 0.048831
2 0.136225 0.250626 0.016743 0.025459
2 0.318620 0.247078 0.029427 0.032554
2 0.472349 0.244783 0.024353 0.025459
2 0.625317 0.245826 0.030949 0.032554
2 0.764840 0.243531 0.027905 0.034641
3 0.139016 0.307179 0.025368 0.041736
3 0.319381 0.295284 0.045155 0.042988
3 0.483004 0.296953 0.025368 0.051336
3 0.629630 0.303214 0.028412 0.052170
3 0.766362 0.296953 0.019787 0.043823
4 0.134196 0.371661 0.038052 0.019616
4 0.322933 0.364149 0.038052 0.027963
4 0.480213 0.363105 0.019787 0.023372
4 0.627347 0.363523 0.035008 0.026711
4 0.757737 0.364149 0.045155 0.039649
5 0.145611 0.420284 0.032471 0.047579
5 0.332065 0.415902 0.022831 0.042988
5 0.480720 0.415693 0.035008 0.045075
5 0.621766 0.415902 0.023846 0.040484
5 0.752156 0.412145 0.030949 0.052170
6 0.145611 0.494574 0.032471 0.038397
6 0.336377 0.488940 0.033486 0.040484
6 0.499239 0.492279 0.021309 0.036311
6 0.628108 0.488314 0.028412 0.044240
6 0.745814 0.487062 0.029427 0.036728
7 0.143836 0.543406 0.038052 0.038397
7 0.340690 0.543823 0.033993 0.048414
7 0.494165 0.534432 0.022324 0.037145
7 0.630898 0.536311 0.033993 0.038397
7 0.742263 0.538606 0.022324 0.037980
8 0.135464 0.608723 0.021309 0.037145
8 0.343988 0.603506 0.032471 0.035893
8 0.490107 0.598915 0.025368 0.045075
8 0.595637 0.597037 0.022324 0.037145
8 0.716134 0.596619 0.029934 0.037980
9 0.136986 0.670284 0.018265 0.039232
9 0.345510 0.663189 0.026383 0.044240
9 0.482750 0.664441 0.019787 0.044240
9 0.595637 0.662145 0.014206 0.048831
9 0.716134 0.659641 0.026890 0.046327
10 0.136225 0.723080 0.033993 0.042988
10 0.345764 0.720785 0.038052 0.038397
10 0.489853 0.717863 0.033993 0.039232
10 0.604008 0.717237 0.030949 0.033806
10 0.728818 0.714316 0.029934 0.037145
11 0.134957 0.785058 0.022324 0.048414
11 0.358194 0.778589 0.035515 0.042988
11 0.525368 0.777963 0.016743 0.044240
11 0.658549 0.775250 0.018265 0.042988
11 0.757737 0.773372 0.022831 0.048414
12 0.137494 0.853506 0.036530 0.018364
12 0.378488 0.848289 0.036530 0.028798
12 0.542872 0.845993 0.046677 0.026711
12 0.679604 0.844115 0.049214 0.027963
12 0.811263 0.842237 0.039574 0.026711
