13 0.141014 0.136126 0.038256 0.031414
13 0.301157 0.133682 0.024021 0.024433
13 0.461966 0.129145 0.028025 0.026527
13 0.623665 0.129668 0.031139 0.032461
13 0.800712 0.126876 0.026690 0.028970
14 0.142349 0.189529 0.035587 0.024433
14 0.301824 0.191972 0.028025 0.022339
14 0.468861 0.187784 0.044484 0.027923
14 0.628114 0.183770 0.031139 0.028970
14 0.797820 0.187260 0.029804 0.021990
15 0.129004 0.254799 0.035587 0.040489
15 0.290036 0.253054 0.028470 0.032810
15 0.453959 0.250785 0.029804 0.044328
15 0.625000 0.253054 0.031139 0.039791
15 0.784698 0.254101 0.026690 0.034904
16 0.138790 0.318325 0.046263 0.034904
16 0.292927 0.313438 0.036922 0.034904
16 0.466637 0.312391 0.031139 0.036998
16 0.625222 0.308901 0.036922 0.039791
16 0.782918 0.309424 0.044484 0.035951
17 0.136566 0.370506 0.020463 0.030366
17 0.291593 0.367190 0.025356 0.020942
17 0.459742 0.369983 0.032473 0.029319
17 0.625890 0.367714 0.024021 0.033857
17 0.777802 0.364747 0.034253 0.025829
18 0.138123 0.428272 0.023577 0.024433
18 0.292260 0.429319 0.026690 0.026527
18 0.454626 0.426876 0.016014 0.024433
18 0.618550 0.425829 0.023577 0.026527
18 0.774244 0.422862 0.032473 0.032461
19 0.135899 0.478185 0.034253 0.036300
19 0.315391 0.480454 0.040036 0.040838
19 0.476868 0.479930 0.037367 0.039791
19 0.637678 0.473647 0.032473 0.045375
19 0.790480 0.476440 0.038256 0.046771
20 0.145463 0.549215 0.024021 0.026876
20 0.322731 0.547993 0.025356 0.026527
20 0.489546 0.547993 0.032473 0.024433
20 0.643683 0.543979 0.029359 0.025480
20 0.776468 0.546248 0.036922 0.023037
21 0.140125 0.609599 0.031139 0.026876
21 0.336744 0.609599 0.032918 0.026876
21 0.504226 0.608551 0.032473 0.028970
21 0.665925 0.605061 0.032918 0.033857
21 0.770463 0.606806 0.040036 0.037347
22 0.143906 0.667888 0.038701 0.028970
22 0.304048 0.669459 0.041370 0.027923
22 0.488657 0.665969 0.034253 0.027923
22 0.629448 0.667365 0.040036 0.027923
22 0.772687 0.667190 0.041815 0.037347
23 0.140347 0.728970 0.019128 0.032461
23 0.297598 0.730192 0.040036 0.027923
23 0.473977 0.727400 0.028025 0.019546
23 0.614101 0.731239 0.032473 0.025829
23 0.757785 0.726003 0.032473 0.026527
24 0.131228 0.795812 0.022242 0.043281
24 0.313835 0.794590 0.025356 0.040838
24 0.502669 0.792321 0.026690 0.036300
24 0.654137 0.797033 0.023577 0.040838
24 0.764457 0.788831 0.028025 0.040489
25 0.148354 0.851134 0.038701 0.025480
25 0.327847 0.844154 0.044484 0.025480
25 0.507340 0.851658 0.041370 0.029319
25 0.653247 0.846422 0.034253 0.032810
25 0.825400 0.848691 0.043149 0.030366
