0 0.149140 0.125838 0.032505 0.022091
0 0.323375 0.129980 0.034895 0.028008
0 0.501195 0.124655 0.039675 0.022091
0 0.646750 0.128600 0.038241 0.032347
0 0.802820 0.128600 0.040631 0.039448
1 0.141252 0.176923 0.028203 0.038264
1 0.333891 0.177515 0.022467 0.039448
1 0.502629 0.178107 0.028203 0.042998
1 0.662763 0.182840 0.025335 0.038264
1 0.786568 0.185996 0.031071 0.042998
2 0.139818 0.247140 0.013862 0.020907
2 0.331740 0.242406 0.023901 0.023274
2 0.507648 0.247140 0.032505 0.030375
2 0.661568 0.247732 0.017208 0.026824
2 0.789436 0.246548 0.028203 0.029191
3 0.141252 0.299408 0.039675 0.041815
3 0.331262 0.295266 0.039197 0.045365
3 0.512428 0.296450 0.030593 0.035897
3 0.666587 0.303748 0.040631 0.037081
3 0.785134 0.299408 0.025335 0.044181
4 0.145554 0.368836 0.025335 0.025247
4 0.331740 0.368442 0.023901 0.024458
4 0.511711 0.371203 0.034895 0.029980
4 0.667065 0.371795 0.025335 0.031164
4 0.788002 0.373570 0.028203 0.029980
5 0.144120 0.424655 0.033939 0.050888
5 0.333891 0.425049 0.028203 0.040631
5 0.506931 0.425641 0.028203 0.046548
5 0.663480 0.428600 0.026769 0.052465
5 0.790870 0.428008 0.033939 0.044181
6 0.142686 0.502959 0.019598 0.026824
6 0.328155 0.498817 0.025335 0.037475
6 0.502629 0.501775 0.019598 0.047337
6 0.653203 0.501578 0.031071 0.038264
6 0.786568 0.498817 0.028203 0.035108
7 0.144837 0.549310 0.038241 0.042998
7 0.332457 0.550493 0.033939 0.040631
7 0.503346 0.549901 0.032505 0.029980
7 0.653920 0.553452 0.026769 0.034714
7 0.790870 0.549310 0.033939 0.033531
8 0.138384 0.616568 0.022467 0.033925
8 0.336759 0.615976 0.013862 0.035108
8 0.506931 0.613215 0.033939 0.031164
8 0.646750 0.612032 0.015296 0.028797
8 0.771989 0.612032 0.021033 0.035897
9 0.139818 0.682051 0.033939 0.044181
9 0.331023 0.678107 0.028203 0.047337
9 0.503346 0.679684 0.018164 0.041815
9 0.641730 0.675740 0.022467 0.049704
9 0.762667 0.676923 0.019598 0.042604
10 0.143403 0.730966 0.035373 0.041815
10 0.338193 0.736095 0.033939 0.044970
10 0.499044 0.730966 0.029637 0.037081
10 0.641013 0.734320 0.029637 0.043787
10 0.764101 0.732150 0.031071 0.044181
11 0.139818 0.796450 0.019598 0.049704
11 0.343929 0.793097 0.022467 0.042998
11 0.511233 0.798225 0.028203 0.050888
11 0.663719 0.790730 0.037763 0.042998
11 0.804971 0.793491 0.014340 0.043787
12 0.142208 0.868245 0.052103 0.024458
12 0.331023 0.863116 0.036807 0.029980
12 0.551147 0.863708 0.051625 0.035897
12 0.698136 0.859172 0.036807 0.029191
12 0.816205 0.860355 0.031071 0.026824
