13 0.140768 0.135741 0.035649 0.021852
13 0.317185 0.134074 0.028336 0.022963
13 0.522852 0.129259 0.037477 0.034815
13 0.683501 0.130556 0.024223 0.032222
13 0.819241 0.130556 0.024223 0.034444
14 0.146481 0.193519 0.015996 0.021852
14 0.323583 0.192593 0.024680 0.028889
14 0.528565 0.187778 0.054388 0.031111
14 0.677788 0.190185 0.030165 0.033704
14 0.820612 0.187778 0.036106 0.026667
15 0.129342 0.260185 0.027422 0.039630
15 0.316956 0.259630 0.034278 0.040741
15 0.530622 0.255556 0.041133 0.041481
15 0.678702 0.259074 0.045704 0.048519
15 0.810558 0.257778 0.038848 0.041481
16 0.139397 0.327222 0.041133 0.044074
16 0.319241 0.319815 0.041590 0.035926
16 0.513483 0.318704 0.038848 0.040370
16 0.670475 0.321481 0.032907 0.039259
16 0.789305 0.320370 0.032907 0.037037
17 0.133684 0.375185 0.026965 0.026667
17 0.322898 0.372407 0.034278 0.023333
17 0.517824 0.376481 0.024680 0.026296
17 0.666362 0.376481 0.038391 0.024074
17 0.777651 0.374074 0.024223 0.031111
18 0.131627 0.441852 0.022852 0.030370
18 0.320612 0.438889 0.026965 0.026667
18 0.512797 0.436667 0.028336 0.028889
18 0.646938 0.435556 0.034278 0.026667
18 0.791362 0.436111 0.028793 0.039630
19 0.130256 0.493333 0.022852 0.040741
19 0.317870 0.488148 0.041590 0.037037
19 0.497029 0.489444 0.031536 0.048519
19 0.629113 0.493333 0.041590 0.042963
19 0.746344 0.489259 0.024680 0.041481
20 0.133684 0.561667 0.021481 0.024074
20 0.329982 0.562407 0.031079 0.027778
20 0.493373 0.564630 0.044333 0.023333
20 0.620658 0.563333 0.038391 0.022963
20 0.739260 0.562778 0.041590 0.024074
21 0.128428 0.624815 0.045704 0.037037
21 0.342779 0.619630 0.025594 0.024444
21 0.500686 0.624074 0.021481 0.028889
21 0.627057 0.621852 0.022852 0.033333
21 0.740631 0.622407 0.026965 0.027778
22 0.135055 0.683148 0.041590 0.033704
22 0.350777 0.683889 0.041590 0.027778
22 0.490631 0.683333 0.041590 0.028889
22 0.653336 0.683889 0.044333 0.027778
22 0.771481 0.683889 0.042962 0.027778
23 0.130027 0.753148 0.034278 0.046296
23 0.346435 0.747407 0.024680 0.032593
23 0.490859 0.746296 0.035649 0.032593
23 0.660649 0.744630 0.032450 0.033704
23 0.794104 0.744630 0.031536 0.040370
24 0.127057 0.817407 0.025594 0.033333
24 0.341408 0.819259 0.031079 0.039259
24 0.494973 0.812222 0.024680 0.039259
24 0.652194 0.812222 0.032907 0.034815
24 0.789077 0.813889 0.026965 0.038148
25 0.131627 0.874074 0.025594 0.026667
25 0.342779 0.875741 0.042962 0.027778
25 0.520795 0.867222 0.049817 0.035926
25 0.667048 0.868333 0.039762 0.042593
25 0.807815 0.868333 0.038848 0.031481
