13 0.145105 0.139161 0.039336 0.024476
13 0.358392 0.136888 0.034965 0.029021
13 0.548077 0.133916 0.043706 0.027972
13 0.706731 0.130420 0.028846 0.030070
13 0.816652 0.138112 0.036276 0.031469
14 0.142920 0.195804 0.032343 0.027972
14 0.366477 0.195629 0.024913 0.023427
14 0.566871 0.195629 0.041084 0.032517
14 0.724213 0.195105 0.046329 0.036364
14 0.837850 0.197378 0.028846 0.019930
15 0.135490 0.268531 0.017483 0.045455
15 0.361451 0.261538 0.032343 0.033566
15 0.545673 0.261538 0.042395 0.045455
15 0.706075 0.265035 0.036276 0.043357
15 0.817526 0.265734 0.031906 0.041958
16 0.142264 0.327448 0.045017 0.032517
16 0.334572 0.320979 0.033654 0.040559
16 0.453890 0.323427 0.036276 0.038462
16 0.695804 0.326224 0.041958 0.041958
16 0.810315 0.319231 0.052448 0.041958
17 0.137893 0.382168 0.033654 0.027972
17 0.353365 0.378671 0.027535 0.030070
17 0.504371 0.380420 0.026224 0.031469
17 0.643357 0.378671 0.041958 0.037063
17 0.775350 0.374476 0.026224 0.031469
18 0.147290 0.441608 0.049825 0.032867
18 0.348339 0.438636 0.020105 0.036014
18 0.515953 0.440559 0.029283 0.027972
18 0.657998 0.438636 0.027535 0.029021
18 0.796329 0.434615 0.024476 0.030070
19 0.137238 0.492308 0.034965 0.036364
19 0.335883 0.494056 0.033654 0.037063
19 0.483173 0.490559 0.027535 0.037063
19 0.615822 0.492308 0.030594 0.043357
19 0.751748 0.492308 0.026224 0.043357
20 0.130463 0.563986 0.036276 0.025874
20 0.330857 0.561014 0.037587 0.026923
20 0.489729 0.563986 0.023164 0.027972
20 0.649913 0.564510 0.037587 0.026923
20 0.785402 0.559266 0.034965 0.023427
21 0.137893 0.623951 0.027535 0.029021
21 0.346809 0.621678 0.031906 0.017483
21 0.501967 0.616958 0.045017 0.036014
21 0.654939 0.616434 0.042395 0.032867
21 0.771635 0.619231 0.036276 0.033566
22 0.147946 0.679895 0.027535 0.033916
22 0.354895 0.681119 0.045455 0.038462
22 0.497596 0.677622 0.033654 0.033566
22 0.655594 0.678671 0.043706 0.024476
22 0.780376 0.676399 0.036276 0.036014
23 0.139205 0.745804 0.045017 0.039860
23 0.342439 0.739860 0.040647 0.034965
23 0.495411 0.743531 0.029283 0.030420
23 0.659965 0.739860 0.034965 0.034965
23 0.784747 0.740559 0.027535 0.038462
24 0.140734 0.813986 0.033217 0.036364
24 0.357736 0.803497 0.027535 0.050350
24 0.552885 0.806469 0.030594 0.037413
24 0.707605 0.805245 0.021853 0.041958
25 0.141390 0.867657 0.031906 0.029021
25 0.335883 0.863986 0.033654 0.024476
25 0.515953 0.865385 0.031906 0.031469
25 0.671766 0.861713 0.034965 0.033916
25 0.824738 0.862238 0.049825 0.034965
