0 0.156604 0.139171 0.041509 0.036535
0 0.390802 0.136158 0.035377 0.023729
0 0.590566 0.133898 0.042453 0.030508
0 0.765330 0.132015 0.038208 0.022222
0 0.880425 0.132768 0.032547 0.030508
1 0.150000 0.192279 0.031132 0.038795
1 0.315566 0.187947 0.047170 0.039925
1 0.485142 0.190960 0.041038 0.039171
1 0.632783 0.189077 0.035377 0.039925
1 0.757075 0.181544 0.036792 0.043691
2 0.150708 0.259134 0.035377 0.029379
2 0.327594 0.257439 0.032547 0.028249
2 0.489623 0.255556 0.032075 0.036535
2 0.652594 0.252166 0.025000 0.026742
2 0.774292 0.256309 0.032547 0.025989
3 0.152123 0.313371 0.029717 0.043691
3 0.330425 0.311111 0.035377 0.043691
3 0.494811 0.308098 0.033962 0.044444
3 0.652594 0.309228 0.025000 0.037665
3 0.782783 0.308098 0.035377 0.037665
4 0.141745 0.380414 0.017453 0.024859
4 0.335613 0.376836 0.022170 0.019962
4 0.518396 0.372128 0.028302 0.029379
4 0.667217 0.377589 0.022170 0.023729
4 0.786792 0.377589 0.039623 0.032768
5 0.146226 0.431638 0.038679 0.039925
5 0.341509 0.426930 0.028302 0.049341
5 0.502123 0.425612 0.027830 0.037665
5 0.650943 0.426365 0.031132 0.036158
5 0.771934 0.429379 0.016509 0.054237
6 0.146226 0.506968 0.023585 0.035405
6 0.327358 0.503390 0.026415 0.023729
6 0.489623 0.503013 0.026415 0.036535
6 0.635377 0.504143 0.023585 0.034275
6 0.769811 0.503390 0.026415 0.042561
7 0.139387 0.554237 0.022170 0.028249
7 0.319340 0.549341 0.028302 0.042561
7 0.470519 0.547081 0.026887 0.044821
7 0.624528 0.553484 0.031132 0.043315
7 0.746934 0.549341 0.030660 0.040301
8 0.140094 0.615254 0.023585 0.030508
8 0.294340 0.615819 0.016038 0.031638
8 0.486792 0.614689 0.020755 0.041431
8 0.627594 0.616573 0.025000 0.035405
8 0.716509 0.615819 0.020755 0.041431
9 0.142689 0.682298 0.022170 0.049341
9 0.294340 0.682298 0.018868 0.051601
9 0.459434 0.674765 0.039623 0.041055
9 0.593632 0.680038 0.040094 0.044821
9 0.694575 0.680603 0.026887 0.039171
10 0.146226 0.730697 0.041509 0.035405
10 0.325943 0.732392 0.041509 0.029755
10 0.472642 0.730132 0.039623 0.034275
10 0.623585 0.733522 0.023585 0.034275
10 0.721698 0.726554 0.033962 0.045951
11 0.137972 0.794162 0.019340 0.049341
11 0.325943 0.791902 0.017925 0.049341
11 0.470519 0.787759 0.032547 0.050847
11 0.625943 0.788889 0.031132 0.041055
11 0.746934 0.791902 0.025000 0.051601
12 0.143160 0.862335 0.041038 0.028249
12 0.320991 0.859510 0.045755 0.022599
12 0.525708 0.859510 0.045755 0.029379
12 0.665802 0.854237 0.057075 0.030885
12 0.794811 0.851789 0.044340 0.028249
