0 0.157953 0.128489 0.031195 0.031533
0 0.346661 0.130845 0.025483 0.026821
0 0.529657 0.132113 0.031195 0.029358
0 0.702548 0.137369 0.036907 0.030446
0 0.824253 0.137369 0.028120 0.018847
1 0.136863 0.185212 0.031195 0.042044
1 0.349517 0.184668 0.031195 0.040957
1 0.522408 0.184125 0.028120 0.034795
1 0.665422 0.187024 0.033831 0.043494
1 0.800308 0.189561 0.042619 0.036245
2 0.140378 0.256071 0.026801 0.029358
2 0.351494 0.254802 0.032513 0.024647
2 0.531634 0.256071 0.035149 0.024284
2 0.663445 0.254259 0.029877 0.035158
2 0.801626 0.254802 0.028559 0.026821
3 0.141037 0.309170 0.039543 0.049293
3 0.346002 0.310982 0.035589 0.043494
3 0.527460 0.313882 0.024165 0.049293
3 0.658392 0.319137 0.039982 0.033708
3 0.808656 0.316238 0.042619 0.037332
4 0.141037 0.382747 0.039543 0.021022
4 0.335896 0.379485 0.026801 0.021022
4 0.505931 0.376948 0.026801 0.032621
4 0.633568 0.381660 0.041301 0.028271
4 0.753515 0.379304 0.025483 0.025734
5 0.135545 0.432041 0.042619 0.042044
5 0.323155 0.432584 0.035589 0.048206
5 0.502417 0.433128 0.031195 0.039870
5 0.635764 0.439108 0.028120 0.044581
5 0.764060 0.437840 0.035149 0.058717
6 0.135545 0.513229 0.028559 0.045669
6 0.304921 0.513954 0.032513 0.042044
6 0.446617 0.509242 0.040861 0.049293
6 0.579086 0.512686 0.020211 0.051105
6 0.719244 0.513954 0.025483 0.042044
7 0.139060 0.567053 0.035589 0.038782
7 0.344464 0.561798 0.032513 0.039870
7 0.518893 0.563429 0.035149 0.052555
7 0.647847 0.562885 0.040861 0.051468
7 0.798550 0.562341 0.031195 0.043132
8 0.136863 0.633019 0.025923 0.037332
8 0.313269 0.630845 0.032513 0.035158
8 0.467487 0.627764 0.021090 0.038420
8 0.630272 0.633744 0.031195 0.038782
8 0.766916 0.631932 0.029438 0.046756
9 0.145431 0.703878 0.014060 0.050018
9 0.310633 0.693911 0.029877 0.054005
9 0.478251 0.699710 0.039982 0.060529
9 0.630931 0.691555 0.032513 0.053643
9 0.754833 0.702066 0.039543 0.053643
10 0.146749 0.758246 0.034271 0.037695
10 0.321178 0.755890 0.028120 0.035158
10 0.478471 0.755346 0.034271 0.034070
10 0.635764 0.753534 0.034271 0.044219
10 0.768234 0.760058 0.026801 0.045669
11 0.142575 0.817144 0.022408 0.043132
11 0.325351 0.817144 0.022408 0.050381
11 0.485721 0.817144 0.031195 0.043132
11 0.642135 0.815513 0.029438 0.049293
11 0.770650 0.821493 0.018453 0.044581
12 0.144552 0.893258 0.029877 0.033708
12 0.330404 0.886734 0.041301 0.027909
12 0.496924 0.888003 0.050967 0.037695
12 0.654877 0.892715 0.047012 0.030446
12 0.780975 0.893802 0.047012 0.037695
