11 0.138862 0.080092 0.050049 0.029664
11 0.335132 0.081081 0.063788 0.036915
11 0.521099 0.080092 0.047105 0.023072
11 0.678606 0.074489 0.030422 0.036915
11 0.833660 0.075478 0.044161 0.034937
12 0.141806 0.151285 0.048086 0.036256
12 0.331698 0.152274 0.033366 0.035597
12 0.528950 0.151945 0.037291 0.029664
12 0.678116 0.149637 0.056919 0.039552
12 0.836605 0.150297 0.050049 0.026368
13 0.139843 0.231048 0.048086 0.036256
13 0.332679 0.230389 0.041217 0.053395
13 0.532875 0.228082 0.043180 0.064601
13 0.683023 0.233685 0.049068 0.061305
13 0.835132 0.229400 0.054956 0.061964
14 0.139843 0.302571 0.057900 0.056691
14 0.338077 0.307844 0.052012 0.048780
14 0.536310 0.306856 0.050049 0.062624
14 0.693327 0.305537 0.042198 0.053395
14 0.847399 0.302241 0.044161 0.056032
15 0.130520 0.363546 0.043180 0.029664
15 0.337095 0.363876 0.046124 0.035597
15 0.517664 0.362887 0.036310 0.037574
15 0.688420 0.362228 0.046124 0.034937
15 0.838077 0.361569 0.039254 0.040211
16 0.117763 0.433421 0.027478 0.033619
16 0.330226 0.430784 0.036310 0.032301
16 0.528950 0.432762 0.023553 0.038893
16 0.684004 0.435728 0.045142 0.044825
16 0.856722 0.428807 0.047105 0.037574
25 0.115800 0.489453 0.045142 0.057350
25 0.315505 0.492419 0.024534 0.050099
25 0.518646 0.491101 0.030422 0.047462
25 0.677134 0.497693 0.054956 0.052736
25 0.844455 0.493738 0.050049 0.047462
17 0.113346 0.573500 0.050049 0.035597
17 0.320903 0.575808 0.054956 0.036256
17 0.499509 0.574489 0.045142 0.040211
17 0.677134 0.575148 0.054956 0.046803
17 0.835132 0.572841 0.031403 0.030323
18 0.105496 0.642057 0.038273 0.039552
18 0.294897 0.639420 0.038273 0.029005
18 0.506869 0.644364 0.034347 0.032301
18 0.669284 0.645023 0.043180 0.033619
18 0.821884 0.642386 0.079490 0.032301
19 0.108930 0.711931 0.086359 0.038233
19 0.309127 0.707317 0.070658 0.038233
19 0.504907 0.709295 0.044161 0.032960
19 0.674681 0.716216 0.050049 0.028345
19 0.834642 0.714568 0.063788 0.035597
20 0.106968 0.783454 0.054956 0.032301
20 0.306183 0.783454 0.052993 0.032301
20 0.505397 0.784443 0.043180 0.039552
20 0.674681 0.783784 0.046124 0.031641
20 0.836114 0.779829 0.033366 0.036915
21 0.109421 0.859262 0.063788 0.052076
21 0.305201 0.858273 0.068695 0.058009
21 0.494603 0.852999 0.054956 0.056691
21 0.650638 0.860250 0.043180 0.065920
21 0.814033 0.860910 0.053974 0.055372
22 0.111384 0.921556 0.053974 0.038233
22 0.305692 0.920567 0.046124 0.033619
22 0.485770 0.922544 0.037291 0.030982
22 0.657507 0.923204 0.043180 0.038893
22 0.816977 0.923204 0.063788 0.037574
