0 0.092011 0.067814 0.049372 0.034413
0 0.279623 0.073212 0.040395 0.038462
0 0.504039 0.072537 0.036804 0.037112
0 0.723070 0.078610 0.047576 0.037112
0 0.888241 0.074561 0.063734 0.046559
1 0.083483 0.129892 0.044883 0.054656
1 0.273788 0.134278 0.035907 0.055331
1 0.501795 0.133603 0.057451 0.056680
1 0.721724 0.136302 0.034111 0.051282
1 0.888241 0.135628 0.038600 0.051282
2 0.086176 0.210189 0.034111 0.038462
2 0.258528 0.208165 0.039497 0.031714
2 0.498205 0.205128 0.035907 0.032389
2 0.720377 0.205803 0.027828 0.040486
2 0.893178 0.203441 0.044883 0.041161
3 0.082585 0.270918 0.034111 0.054656
3 0.259425 0.267544 0.030521 0.047908
3 0.500000 0.273279 0.032316 0.052632
3 0.718582 0.266194 0.038600 0.057355
3 0.896320 0.269906 0.051167 0.049933
4 0.087522 0.341093 0.043986 0.030364
4 0.255835 0.343455 0.044883 0.032389
4 0.502244 0.346154 0.036804 0.032389
4 0.722621 0.343792 0.032316 0.037112
4 0.903950 0.343117 0.048474 0.031714
5 0.096499 0.397436 0.049372 0.041835
5 0.255835 0.401147 0.055655 0.051957
5 0.505386 0.401822 0.037702 0.056005
5 0.726212 0.398448 0.035907 0.053306
5 0.910233 0.399123 0.053860 0.054656
6 0.086625 0.484480 0.035009 0.064777
6 0.261670 0.492578 0.033214 0.060729
6 0.499102 0.488529 0.034111 0.059379
6 0.697935 0.491228 0.042190 0.051282
6 0.885099 0.493590 0.035907 0.062753
7 0.089767 0.555331 0.048474 0.051282
7 0.264811 0.560054 0.041293 0.051282
7 0.489228 0.560054 0.041293 0.044534
7 0.697487 0.564103 0.030521 0.045884
7 0.881508 0.562416 0.043088 0.060054
23 0.093357 0.629892 0.034111 0.043860
23 0.248654 0.631579 0.025135 0.040486
23 0.475763 0.628543 0.025135 0.043860
23 0.694345 0.632254 0.024237 0.041835
23 0.890036 0.634278 0.033214 0.041835
24 0.088420 0.708839 0.035009 0.056005
24 0.217684 0.712551 0.040395 0.070175
24 0.448833 0.706140 0.041293 0.073549
24 0.679533 0.712551 0.028725 0.070175
24 0.868941 0.709852 0.046679 0.067476
8 0.099192 0.786775 0.054758 0.053981
8 0.241472 0.784750 0.048474 0.058030
8 0.392729 0.784076 0.049372 0.056680
8 0.607720 0.784076 0.046679 0.056680
8 0.790844 0.784750 0.041293 0.051282
9 0.099192 0.850540 0.026032 0.046559
9 0.236086 0.852227 0.034111 0.058030
9 0.389138 0.849865 0.015260 0.053306
9 0.596050 0.854251 0.026930 0.058030
9 0.796230 0.850877 0.025135 0.051282
10 0.086625 0.934211 0.063734 0.029015
10 0.260323 0.932186 0.053860 0.030364
10 0.411131 0.932861 0.043088 0.035762
10 0.544883 0.936910 0.048474 0.034413
10 0.678636 0.934211 0.071813 0.038462
