13 0.116343 0.114243 0.035088 0.028190
13 0.314404 0.113131 0.043398 0.034866
13 0.518467 0.113872 0.026777 0.025964
13 0.679132 0.111276 0.032318 0.028190
13 0.833333 0.113131 0.028624 0.033383
14 0.109418 0.178412 0.030471 0.027448
14 0.302862 0.175816 0.035088 0.028190
14 0.523084 0.174703 0.039705 0.025964
14 0.674977 0.175445 0.031394 0.030415
14 0.840259 0.174703 0.035088 0.025964
15 0.114035 0.231825 0.032318 0.051187
15 0.300554 0.229228 0.034164 0.047478
15 0.519391 0.229228 0.036011 0.047478
15 0.681902 0.228116 0.037858 0.052671
15 0.847645 0.229970 0.042475 0.051929
16 0.109418 0.295994 0.039705 0.053412
16 0.291320 0.296736 0.036011 0.048961
16 0.512927 0.298591 0.045245 0.048220
16 0.676362 0.294881 0.041551 0.048220
16 0.836565 0.293398 0.040628 0.049703
17 0.115420 0.373145 0.035088 0.034125
17 0.289474 0.370920 0.034164 0.037092
17 0.510157 0.373516 0.039705 0.039318
17 0.660203 0.367582 0.027701 0.033383
17 0.826870 0.368694 0.047091 0.037092
18 0.120499 0.438056 0.028624 0.034866
18 0.292244 0.434718 0.030471 0.031157
18 0.500462 0.435089 0.035088 0.031899
18 0.655586 0.435460 0.025854 0.037092
18 0.819021 0.430638 0.025854 0.031899
19 0.112188 0.491469 0.021237 0.046736
19 0.291782 0.491469 0.031394 0.046736
19 0.502770 0.491840 0.032318 0.047478
19 0.649584 0.488872 0.030471 0.048961
19 0.818098 0.488501 0.033241 0.052671
20 0.119114 0.567507 0.031394 0.032641
20 0.291782 0.567507 0.033241 0.035608
20 0.500000 0.565282 0.032318 0.034125
20 0.651893 0.565282 0.031394 0.028190
20 0.821330 0.566766 0.034164 0.035608
21 0.120499 0.632047 0.026777 0.031157
21 0.290397 0.631306 0.026777 0.037092
21 0.497230 0.631306 0.028624 0.032641
21 0.649123 0.632789 0.033241 0.037092
21 0.813019 0.632789 0.037858 0.035608
22 0.121422 0.699926 0.045245 0.036350
22 0.285319 0.696958 0.044321 0.030415
22 0.493536 0.692136 0.041551 0.041543
22 0.646814 0.696958 0.054478 0.037834
22 0.813943 0.696217 0.050785 0.039318
23 0.117729 0.764095 0.036011 0.034125
23 0.285780 0.763724 0.037858 0.025964
23 0.482456 0.761869 0.034164 0.031157
23 0.634349 0.761499 0.024007 0.030415
23 0.785780 0.766320 0.031394 0.032641
24 0.122345 0.823071 0.045245 0.054154
24 0.286242 0.820846 0.038781 0.048220
24 0.479224 0.817878 0.035088 0.052671
24 0.631579 0.818991 0.035088 0.054896
24 0.781163 0.821217 0.029548 0.053412
25 0.116343 0.897626 0.035088 0.035608
25 0.278855 0.899110 0.044321 0.026706
25 0.471376 0.897255 0.047091 0.034866
25 0.630656 0.898368 0.036934 0.029674
25 0.792244 0.894288 0.060942 0.028932
