0 0.106987 0.109211 0.032314 0.030007
0 0.296943 0.108514 0.036681 0.025820
0 0.519651 0.107118 0.027948 0.025820
0 0.702183 0.109909 0.038428 0.032798
0 0.872052 0.108165 0.030568 0.027913
1 0.113974 0.158758 0.030568 0.048151
1 0.299563 0.158409 0.034934 0.048849
1 0.519214 0.160851 0.032314 0.048151
1 0.700000 0.166434 0.028821 0.050942
1 0.882533 0.166783 0.032314 0.050244
2 0.107860 0.233775 0.034061 0.023726
2 0.297380 0.236218 0.030568 0.024424
2 0.517467 0.237613 0.030568 0.028611
2 0.709607 0.237962 0.041048 0.026518
2 0.882096 0.238660 0.027948 0.027913
3 0.109607 0.290300 0.035808 0.044662
3 0.290830 0.287858 0.033188 0.042568
3 0.510917 0.293789 0.033188 0.043266
3 0.696943 0.295534 0.033188 0.050942
3 0.873362 0.292045 0.036681 0.048151
4 0.104367 0.361479 0.030568 0.033496
4 0.289520 0.364620 0.027074 0.025820
4 0.515284 0.365318 0.031441 0.031403
4 0.701310 0.363224 0.031441 0.025820
4 0.882096 0.364271 0.029694 0.027913
5 0.109607 0.413468 0.028821 0.046755
5 0.291266 0.415213 0.027074 0.044662
5 0.521834 0.416957 0.028821 0.049546
5 0.717467 0.419749 0.030568 0.052338
5 0.878603 0.420098 0.033188 0.051640
6 0.115284 0.481507 0.034934 0.046057
6 0.289083 0.478716 0.031441 0.050244
6 0.518777 0.479414 0.031441 0.048849
6 0.718341 0.479763 0.034061 0.045359
6 0.876419 0.480112 0.027074 0.043266
7 0.113100 0.541172 0.030568 0.045359
7 0.289083 0.541870 0.031441 0.049546
7 0.525328 0.540823 0.030568 0.046057
7 0.708297 0.542219 0.031441 0.046057
7 0.872926 0.541870 0.034061 0.046755
8 0.111790 0.610956 0.022707 0.046755
8 0.288210 0.608165 0.019214 0.038381
8 0.518777 0.612003 0.022707 0.047453
8 0.709607 0.614794 0.028821 0.040475
8 0.870742 0.609211 0.015721 0.040475
9 0.108734 0.682484 0.034061 0.058618
9 0.282533 0.680391 0.027074 0.061410
9 0.508734 0.685276 0.028821 0.060014
9 0.687773 0.683531 0.025328 0.063503
9 0.846725 0.684229 0.027074 0.056525
10 0.110480 0.737264 0.023581 0.046755
10 0.285590 0.738660 0.024454 0.048151
10 0.506987 0.740056 0.025328 0.043964
10 0.688210 0.741800 0.034934 0.044662
10 0.842795 0.740056 0.026201 0.046755
11 0.113974 0.803559 0.041048 0.041172
11 0.286026 0.799023 0.028821 0.043266
11 0.503930 0.803559 0.033188 0.046755
11 0.690830 0.803559 0.013974 0.046755
11 0.847162 0.804955 0.017467 0.045359
12 0.131004 0.880670 0.052402 0.033496
12 0.282969 0.879972 0.048908 0.027913
12 0.506987 0.880670 0.048035 0.027913
12 0.679913 0.877530 0.048035 0.032798
12 0.858079 0.878576 0.063755 0.030705
