13 0.110182 0.131546 0.037994 0.034913
13 0.302812 0.134040 0.035714 0.026185
13 0.511398 0.130299 0.031915 0.029925
13 0.677432 0.133416 0.043313 0.024938
13 0.857143 0.132170 0.041033 0.028678
14 0.107143 0.198254 0.036474 0.031172
14 0.300912 0.199501 0.030395 0.027431
14 0.508739 0.195761 0.031155 0.028678
14 0.678191 0.197943 0.034195 0.028055
14 0.857903 0.197319 0.034954 0.026808
15 0.109422 0.252805 0.031915 0.050499
15 0.295973 0.250000 0.031155 0.051122
15 0.509878 0.251559 0.045593 0.056733
15 0.675912 0.250935 0.038754 0.051746
15 0.858283 0.251247 0.035714 0.047382
16 0.106763 0.317020 0.038754 0.051746
16 0.296733 0.315773 0.038754 0.048005
16 0.502660 0.318890 0.041793 0.046758
16 0.673632 0.315773 0.043313 0.048005
16 0.853723 0.316085 0.037234 0.052369
17 0.113982 0.386222 0.027356 0.030549
17 0.289134 0.389027 0.029635 0.033666
17 0.501520 0.391521 0.030395 0.031172
17 0.666413 0.390586 0.033435 0.036783
17 0.851444 0.391209 0.029635 0.030549
18 0.108663 0.452307 0.028875 0.030549
18 0.288754 0.454177 0.024316 0.025561
18 0.503040 0.454800 0.036474 0.026808
18 0.661854 0.453242 0.025836 0.029925
18 0.852204 0.453242 0.018997 0.029925
19 0.107903 0.505611 0.021277 0.047382
19 0.291793 0.509975 0.028875 0.046135
19 0.503419 0.508105 0.023556 0.052369
19 0.662614 0.507170 0.027356 0.046758
19 0.855243 0.509352 0.025076 0.044888
20 0.108283 0.577307 0.026596 0.031172
20 0.290653 0.578554 0.025076 0.026185
20 0.502280 0.580112 0.025836 0.030549
20 0.664514 0.578865 0.022036 0.023067
20 0.850304 0.580424 0.027356 0.027431
21 0.116641 0.642456 0.025076 0.024314
21 0.292173 0.640898 0.029635 0.029925
21 0.505319 0.644015 0.028875 0.033666
21 0.665653 0.644327 0.028875 0.033042
21 0.857143 0.643392 0.025836 0.032419
22 0.119301 0.705736 0.041033 0.032419
22 0.288374 0.707294 0.043313 0.029302
22 0.504179 0.705424 0.040274 0.034289
22 0.671733 0.706983 0.053191 0.033666
22 0.859422 0.706047 0.051672 0.028055
23 0.119681 0.771197 0.031155 0.032419
23 0.283435 0.771197 0.022796 0.027431
23 0.498480 0.770262 0.028875 0.029302
23 0.665274 0.775873 0.031155 0.029302
23 0.851824 0.776185 0.036474 0.027431
24 0.125380 0.823878 0.034954 0.046758
24 0.285714 0.824813 0.027356 0.052369
24 0.494681 0.823878 0.033435 0.051746
24 0.663754 0.826683 0.038754 0.048628
24 0.844985 0.826683 0.033435 0.049875
25 0.120821 0.899626 0.045593 0.039900
25 0.284195 0.900249 0.042553 0.039900
25 0.493541 0.897756 0.049392 0.027431
25 0.670593 0.899938 0.037234 0.029302
25 0.852584 0.901185 0.050152 0.031796
